3	0	0.57395226	1
12	1	0.4191138	0
35	1	0.34784523	0
43	0	0.7659385	1
60	0	0.44017556	0
70	0	0.01622423	0
83	1	0.37682784	0
84	1	0.5896234	1
108	0	0.4640871	0
121	1	0.6399469	1
122	1	0.385456	0
149	1	0.5168688	1
164	1	0.9989122	1
176	0	0.1579373	0
178	0	0.5151374	1
179	0	0.0633409	0
185	0	0.20426786	0
200	1	0.18602633	0
218	0	4.5932233e-05	0
244	1	0.5805769	1
245	1	0.5231826	1
246	1	0.1795372	0
248	1	0.65554005	1
262	1	0.4965815	0
265	1	0.4782922	0
272	1	0.53573996	1
280	1	0.61974055	1
289	0	0.4474709	0
304	1	0.36962953	0
305	1	0.6293212	1
321	0	0.16094196	0
325	0	0.63154256	1
338	1	0.6747785	1
369	1	0.63443285	1
372	1	0.48539892	0
373	1	0.6896653	1
391	1	0.62867445	1
399	0	0.033864047	0
402	0	0.0025080482	0
404	0	0.023931114	0
436	1	0.4957395	0
439	1	0.6476472	1
444	1	0.25549942	0
461	0	0.40296027	0
474	0	0.15046494	0
490	1	0.609475	1
491	1	0.5448244	1
501	0	2.3899065e-05	0
510	0	0.05454509	0
539	1	0.3133264	0
547	0	0.22111316	0
566	0	0.4479524	0
569	1	0.03457692	0
572	1	0.5590206	1
573	1	0.64329976	1
574	1	0.0860521	0
585	1	0.36704507	0
599	0	0.3638368	0
657	1	0.7550348	1
666	0	0.41840497	0
669	1	0.012653245	0
674	1	0.9941677	1
677	0	0.49865702	0
683	1	0.47218776	0
686	1	0.93725115	1
707	1	0.50258327	1
710	1	0.42201054	0
729	1	0.49866048	0
740	1	0.26595145	0
748	1	0.65199775	1
767	1	0.5908324	1
781	1	0.3666553	0
794	0	0.16055474	0
797	0	0.6588068	1
837	1	0.35196272	0
848	1	0.8959513	1
855	1	0.0102929585	0
860	1	0.32557076	0
883	0	0.022502655	0
886	0	0.20526518	0
899	0	0.5917419	1
906	0	0.23505826	0
913	0	0.52999055	1
921	1	0.57900697	1
924	1	0.25649047	0
937	1	0.48026234	0
941	1	0.28072956	0
944	1	0.43407825	0
946	1	0.13903743	0
961	1	0.32950196	0
963	1	0.78721553	1
971	1	0.80147797	1
982	0	0.016027981	0
1035	1	0.2641107	0
1038	1	0.22188722	0
1040	1	0.9371735	1
1046	1	0.5838885	1
1056	1	0.82641184	1
1059	1	0.120301306	0
1060	0	0.14824489	0
1089	1	0.41895565	0
1107	0	0.058741838	0
1108	0	0.31065097	0
1119	0	0.33656502	0
1121	0	0.00027761565	0
1122	0	0.0030534952	0
1130	1	0.23027721	0
1136	1	0.6030998	1
1137	1	0.5088645	1
1145	0	0.38923258	0
1167	0	0.36802763	0
1194	0	0.89437187	1
1215	0	0.42364413	0
1227	0	0.2511822	0
1277	1	0.56084603	1
1290	0	0.023549194	0
1307	1	0.7302256	1
1308	1	0.99979144	1
1318	1	0.6178451	1
1335	1	0.35542366	0
1338	1	0.39972508	0
1341	1	0.895698	1
1351	0	0.15429969	0
1360	0	0.33070338	0
1373	1	0.65888137	1
1377	1	0.5976432	1
1381	1	0.9248706	1
1404	1	0.2978346	0
1420	1	0.9872449	1
1426	0	0.7825771	1
1434	1	0.5395661	1
1435	1	0.68469286	1
1439	1	0.6604022	1
1457	1	0.24475804	0
1469	1	0.21413743	0
1473	1	0.41405478	0
1476	1	0.3128684	0
1487	0	0.03313936	0
1497	0	0.0012108474	0
1500	0	0.34913749	0
1507	1	0.5038413	1
1508	1	0.7482552	1
1519	1	0.47252703	0
1525	0	0.04939707	0
1533	1	0.5143178	1
1540	0	0.47156078	0
1557	0	0.56187224	1
1573	0	0.008310704	0
1616	0	0.6229846	1
1621	0	0.5631911	1
1626	0	0.34441864	0
1628	0	0.48175395	0
1657	0	0.5293749	1
1672	1	0.3947187	0
1710	0	0.011672176	0
1712	0	0.27753425	0
1713	0	0.49195126	0
1721	1	0.39480647	0
1726	1	0.1566795	0
1736	1	0.519837	1
1760	0	0.58590907	1
1770	0	0.043193553	0
1783	1	0.44381586	0
1791	1	0.9552499	1
1802	1	0.35002586	0
1804	1	0.72167915	1
1817	1	0.66207653	1
1822	1	0.16484684	0
1878	1	0.61409414	1
1883	1	0.029540567	0
1894	0	0.021512633	0
1896	0	0.0019315006	0
1900	0	0.5499165	1
1902	0	0.028060725	0
1905	0	0.13322333	0
1909	0	0.12321403	0
1917	0	0.34209907	0
1937	1	0.50174016	1
1945	1	0.5305951	1
1946	0	0.4159061	0
1981	0	0.6557673	1
1983	0	0.41520062	0
1990	0	0.48095736	0
1994	1	0.7630165	1
1998	1	0.596759	1
2009	1	0.19659717	0
2010	1	0.4618418	0
2027	1	0.321753	0
2047	0	0.20360315	0
2049	0	0.46801275	0
2053	0	0.5320471	1
2063	0	0.37216985	0
2083	0	0.5747091	1
2084	0	0.0017947357	0
2093	0	0.60644585	1
2110	0	0.3949699	0
2115	1	0.75354004	1
2124	1	0.5093575	1
2130	1	0.5946553	1
2133	1	0.7022253	1
2142	1	0.75643826	1
2148	1	0.21399803	0
2157	0	0.46182233	0
2182	0	0.23970635	0
2187	0	0.117270544	0
2188	0	0.5151142	1
2190	0	0.32452247	0
2195	0	0.1092828	0
2213	1	0.5131802	1
2229	1	0.9690616	1
2246	0	0.4123936	0
2265	0	0.7428636	1
2280	0	0.6174086	1
2297	0	0.047129083	0
2298	0	0.57333946	1
2300	0	0.7447875	1
2325	1	0.6024956	1
2328	1	0.5326274	1
2329	1	0.58574253	1
2334	1	0.55859184	1
2348	1	0.46456358	0
2349	1	0.75035566	1
2358	1	0.32009715	0
2365	0	0.44551095	0
2395	1	0.92496556	1
2400	1	0.52943027	1
2415	1	0.27215448	0
2424	1	0.54148597	1
2429	0	0.0003745638	0
2451	1	0.35374796	0
2466	0	0.034386132	0
2471	0	0.5788889	1
2502	0	0.32707718	0
2523	0	0.6461758	1
2534	0	0.5516233	1
2535	0	0.0018549071	0
2538	0	0.88928676	1
2564	0	0.13841315	0
2583	0	0.5019526	1
2594	0	1.00708285e-05	0
2602	0	0.5539216	1
2604	0	0.36029348	0
2620	1	0.35107833	0
2622	1	0.49338293	0
2624	1	0.97967243	1
2628	0	0.040966418	0
2632	0	0.43167618	0
2634	0	0.2155804	0
2649	1	0.42537147	0
2656	1	0.49334225	0
2665	0	0.49570367	0
2673	1	0.07032358	0
2677	1	0.89187574	1
2680	1	0.8377068	1
2704	1	0.5944824	1
2737	0	0.4369758	0
2762	0	0.38064447	0
2793	0	0.011223322	0
2806	0	8.6366206e-05	0
2817	0	0.0005566502	0
2818	0	0.5794358	1
2820	0	0.40215757	0
2832	1	0.9967656	1
2846	1	0.5603461	1
2857	1	0.8056949	1
2880	0	0.00010951987	0
2884	0	0.04957207	0
2895	0	0.08816854	0
2903	0	0.4693939	0
2911	0	0.0099589415	0
2913	0	0.024645831	0
2914	0	0.38133487	0
2929	0	0.18171932	0
2946	1	0.018072987	0
2950	1	0.7645102	1
2958	1	0.3077222	0
2967	1	0.28189504	0
2996	0	0.32158884	0
3001	1	0.31419894	0
3003	1	0.8150107	1
3020	0	0.23457636	0
3040	0	0.6974384	1
3054	0	0.547739	1
3065	0	3.0151623e-05	0
3070	1	0.6070674	1
3076	1	0.0982686	0
3082	1	0.6298076	1
3098	1	0.53066885	1
3117	0	0.4752491	0
3130	1	0.60616523	1
3153	0	0.23012218	0
3158	1	0.035736647	0
3160	1	0.6226696	1
3161	1	0.3630472	0
3162	1	0.965882	1
3176	1	0.29111513	0
3179	1	0.53487724	1
3180	1	0.53791374	1
3182	1	0.7361219	1
3183	0	0.23607904	0
3184	1	0.72771484	1
3205	1	0.24177606	0
3211	0	0.042923156	0
3227	1	0.48414913	0
3228	1	0.95830226	1
3236	1	0.6154059	1
3237	1	0.4934946	0
3256	0	0.5976947	1
3266	0	0.085506134	0
3274	0	0.6057542	1
3278	1	0.50472146	1
3279	1	0.8097838	1
3288	1	0.055998158	0
3290	0	0.38055372	0
3293	1	0.8736088	1
3320	1	0.47368902	0
3322	1	0.58197665	1
3327	1	0.007825887	0
3330	0	0.00057501526	0
3333	0	0.17189957	0
3348	0	0.838854	1
3375	1	0.7325873	1
3392	1	0.75303197	1
3394	1	0.018072564	0
3397	1	0.5901926	1
3398	1	0.3126433	0
3399	1	0.3989804	0
3401	1	0.18861769	0
3416	0	0.0013546454	0
3440	0	0.112493165	0
3449	0	0.36653635	0
3452	0	0.001788707	0
3456	1	0.36002752	0
3460	1	0.20771207	0
3476	1	0.55684876	1
3484	1	0.033901453	0
3499	1	0.54482865	1
3502	1	0.49819627	0
3513	0	0.0008154457	0
3517	0	0.4463537	0
3521	0	0.121661454	0
3540	1	0.61081713	1
3551	1	0.5663902	1
3555	1	0.7075215	1
3561	1	0.098096386	0
3582	1	0.43153882	0
3596	1	0.42671868	0
3598	1	0.8017261	1
3602	1	0.6256915	1
3610	1	0.04659701	0
3611	1	0.14143118	0
3621	1	0.9306194	1
3634	1	0.42781964	0
3658	0	0.26888132	0
3681	1	0.99833566	1
3691	1	0.5958374	1
3714	1	0.92400324	1
3721	1	0.4954771	0
3722	1	0.761484	1
3731	1	0.4321408	0
3743	0	0.29992056	0
3748	0	0.61430496	1
3755	0	0.22356506	0
3763	0	0.30086005	0
3766	0	0.024686592	0
3770	0	0.00016814616	0
3778	0	0.79838437	1
3795	0	0.22484821	0
3811	0	0.06418981	0
3815	0	0.14575513	0
3824	1	0.4997517	0
3832	0	0.36195892	0
3834	0	0.0474963	0
3838	0	0.009858292	0
3845	0	0.33365273	0
3901	0	0.444985	0
3913	1	0.6806974	1
3920	0	0.013168436	0
3924	0	0.115318246	0
3926	0	0.3198007	0
3933	0	0.19037542	0
3946	0	0.14681277	0
3956	1	0.032545343	0
3960	1	0.52828175	1
3970	1	0.5722461	1
3971	0	0.6382442	1
3977	1	0.5399437	1
3984	1	0.39594913	0
3988	1	0.15066633	0
4006	1	0.5097386	1
4009	1	0.6675262	1
4017	1	0.6806079	1
4025	0	0.0020035887	0
4029	1	0.50900155	1
4041	1	0.20566685	0
4062	1	0.49938166	0
4064	1	0.66185975	1
4070	1	0.39178848	0
4080	1	0.42374045	0
4091	1	0.012922407	0
4093	1	0.9746131	1
4095	1	0.44232133	0
4104	0	0.13610102	0
4141	1	0.7379278	1
4159	1	0.87024987	1
4165	1	0.5724236	1
4166	1	0.202329	0
4173	0	0.056977324	0
4178	0	0.39553028	0
4196	0	0.41482177	0
4198	0	0.6103865	1
4209	0	0.54622716	1
4211	0	0.3895787	0
4213	0	0.076141246	0
4217	0	0.0043388745	0
4218	0	0.023652153	0
4221	0	0.35764465	0
4253	1	0.2556068	0
4255	1	0.61034214	1
4256	1	0.023698319	0
4260	0	0.51752156	1
4306	0	0.4344532	0
4307	0	0.54296863	1
4315	0	0.65138584	1
4337	0	0.5561349	1
4341	0	0.6611168	1
4344	0	0.4944366	0
4360	1	0.7815363	1
4362	1	0.4195697	0
4385	1	0.86762166	1
4389	0	0.12804824	0
4411	0	0.4688322	0
4440	0	0.62156	1
4479	0	0.09199153	0
4488	0	0.0003729458	0
4519	1	0.72098464	1
4521	1	0.12152108	0
4524	0	0.47858384	0
4539	1	0.4449569	0
4540	0	0.3508704	0
4551	0	0.26606387	0
4555	0	0.00057736656	0
4556	0	0.023530368	0
4563	0	0.45044082	0
4569	0	0.8554439	1
4570	0	0.09911243	0
4571	0	0.0008103738	0
4607	0	0.22333197	0
4609	0	0.46456864	0
4610	0	0.19538248	0
4611	0	0.2891868	0
4615	0	0.3797358	0
4639	1	0.7597423	1
4645	1	0.00064251525	0
4668	1	0.40408713	0
4681	0	0.5016373	1
4685	0	0.33208498	0
4697	1	0.5373176	1
4698	0	0.46868518	0
4718	0	0.0021843382	0
4760	1	0.57511127	1
4761	1	0.60250145	1
4762	0	0.1705225	0
4766	1	0.6980841	1
4768	1	0.7534701	1
4769	1	0.56275797	1
4770	1	0.2875571	0
4781	1	0.13711299	0
4798	1	0.48132092	0
4800	0	0.58679706	1
4801	1	0.6120457	1
4815	1	0.9154469	1
4835	0	0.867267	1
4842	0	0.52084225	1
4849	0	0.015931087	0
4873	0	0.072570264	0
4874	1	0.97597766	1
4879	0	0.492121	0
4892	0	0.0007066059	0
4893	0	0.095864534	0
4896	0	0.7445042	1
4899	0	0.099289045	0
4924	0	0.11463567	0
4961	0	0.9442983	1
4995	1	0.42291114	0
5035	0	0.07925016	0
5044	0	0.50123644	1
5054	0	0.06309613	0
5060	1	0.46517456	0
5071	1	0.96641123	1
5093	0	0.40562207	0
5099	0	0.35709873	0
5102	0	0.40036723	0
5104	0	0.59579116	1
5121	1	0.16176675	0
5129	1	0.39193583	0
5138	1	0.3139545	0
5146	1	0.58661544	1
5171	1	0.0639246	0
5172	1	0.5071141	1
5174	1	0.1835649	0
5190	1	0.24016239	0
5191	1	0.15694052	0
5198	0	0.079176955	0
5201	0	0.0030876438	0
5219	0	0.0013309638	0
5222	0	0.4473032	0
5229	0	0.15864001	0
5250	0	0.000102890954	0
5263	1	0.16458017	0
5277	1	0.62462705	1
5281	0	0.3846765	0
5283	0	0.46179685	0
5298	0	0.09568657	0
5304	0	0.58776754	1
5306	0	0.45455748	0
5308	1	0.54663855	1
5314	1	0.19916031	0
5327	1	0.07501549	0
5353	0	0.74682593	1
5356	0	0.5688257	1
5357	0	0.4565228	0
5361	1	0.5686848	1
5381	0	0.16400246	0
5386	0	0.38316554	0
5408	1	0.23601222	0
5416	0	0.7451095	1
5429	1	0.31319845	0
5430	1	0.6920064	1
5437	1	0.5271956	1
5452	1	0.219125	0
5457	0	0.27341792	0
5482	0	0.6401991	1
5490	1	0.9669126	1
5500	1	0.41746378	0
5508	1	0.45937297	0
5509	1	0.7046792	1
5539	0	0.44064268	0
5567	0	0.45003724	0
5581	0	0.061541654	0
5582	0	0.9966736	1
5587	0	0.04734679	0
5607	1	0.5121331	1
5617	0	0.5335339	1
5621	1	0.98283523	1
5624	1	0.08621492	0
5630	1	0.51220304	1
5646	0	0.078385726	0
5670	0	0.47278962	0
5672	0	0.390005	0
5673	0	0.55284256	1
5676	0	0.5084739	1
5694	0	0.014180303	0
5707	0	0.6074669	1
5718	1	0.65729177	1
5731	1	0.31214553	0
5754	1	0.21502833	0
5755	1	0.42467126	0
5762	0	0.51173216	1
5767	1	0.48282236	0
5781	1	0.6354913	1
5789	1	0.14755131	0
5797	1	0.76209974	1
5810	0	0.00014401192	0
5820	0	0.54039717	1
5826	0	0.2935043	0
5834	1	0.904224	1
5837	1	0.062308077	0
5845	1	0.37611246	0
5846	1	0.50266886	1
5855	1	0.99964356	1
5864	1	0.3173024	0
5875	0	0.15868288	0
5899	0	0.04282241	0
5905	1	0.65876263	1
5908	1	0.15130566	0
5920	1	0.9871229	1
5931	1	0.4081047	0
5962	1	0.94339556	1
5963	1	0.8301387	1
5965	1	0.59633994	1
5981	1	0.7283645	1
6007	0	0.53571683	1
6008	0	0.34458497	0
6025	1	0.31578112	0
6032	0	0.33126783	0
6033	0	0.003839524	0
6043	0	0.11874314	0
6063	0	0.5130413	1
6069	0	0.33498627	0
6092	0	0.10232302	0
6098	0	0.22059241	0
6103	1	0.24583782	0
6108	1	0.6000992	1
6112	1	0.55597174	1
6125	1	0.7531857	1
6140	0	0.23099177	0
6160	1	0.55128044	1
6165	1	0.948848	1
6186	0	0.61985207	1
6189	0	0.0087830685	0
6193	0	0.6084992	1
6196	0	0.53290534	1
6206	1	0.15766037	0
6217	1	0.47576955	0
6241	0	0.7188483	1
6243	0	0.45538858	0
6251	0	0.5586051	1
6272	1	0.0033908612	0
6277	0	0.39499685	0
6293	0	0.6724612	1
6307	1	0.7898783	1
6335	1	0.6363926	1
6346	1	0.8904484	1
6374	1	0.33921757	0
6385	1	0.7077778	1
6408	0	0.00058517675	0
6432	1	0.81526315	1
6452	0	0.123754136	0
6455	1	0.22886777	0
6486	1	0.56629944	1
6489	1	0.28609785	0
6500	1	0.2363639	0
6507	1	0.14967407	0
6509	1	0.13025717	0
6519	1	0.6147538	1
6524	0	0.002132065	0
6532	0	0.59338474	1
6535	0	0.6196494	1
6543	1	0.6394583	1
6545	1	0.38726056	0
6547	1	0.5714626	1
6556	1	0.7265862	1
6575	1	0.55173844	1
6577	1	0.3078283	0
6580	0	0.0001071672	0
6594	0	0.0018178333	0
6605	0	0.59021735	1
6622	0	0.55786115	1
6628	1	0.6695824	1
6635	1	0.024857052	0
6641	1	0.20797014	0
6646	1	0.5547962	1
6650	1	0.15905185	0
6670	1	0.5739917	1
6674	1	0.9697584	1
6685	1	0.55498374	1
6699	1	0.03831467	0
6708	0	0.62427944	1
6727	1	0.47263816	0
6753	0	0.008809127	0
6763	1	0.4594074	0
6775	1	0.7995518	1
6778	1	0.98737305	1
6801	0	0.4183216	0
6816	1	0.37441266	0
6829	0	0.30438617	0
6838	0	0.2811873	0
6844	0	0.0005091291	0
6852	0	6.1239036e-05	0
6867	0	0.5837774	1
6879	0	0.23055808	0
6891	1	0.12606189	0
6919	0	0.32676053	0
6927	0	0.1395205	0
6935	0	0.37338832	0
6946	1	0.39194503	0
6951	1	0.14286081	0
6953	1	0.4977756	0
6956	1	0.31379548	0
6972	1	0.5868448	1
6997	0	0.3403563	0
6999	1	0.19487466	0
7004	1	0.19312318	0
7017	0	0.6499726	1
7019	0	0.94042563	1
7027	0	0.039648432	0
7033	0	0.0024448796	0
7048	1	0.49323353	0
7066	0	0.0017933036	0
7069	0	0.65508485	1
7099	0	0.5803819	1
7105	0	0.50165594	1
7109	0	0.1596985	0
7111	0	0.6421213	1
7119	0	0.007779219	0
7122	0	0.36702734	0
7125	1	0.4607577	0
7130	1	0.5189199	1
7150	1	0.69157326	1
7168	1	0.4228086	0
7174	1	0.7383715	1
7177	0	0.5483107	1
7191	1	0.4941622	0
7204	1	0.38777098	0
7213	0	0.09144919	0
7222	0	0.45151818	0
7243	1	0.5711058	1
7267	1	0.59263426	1
7269	1	0.39374986	0
7315	0	0.38254032	0
7324	0	0.3980528	0
7326	0	0.69938576	1
7327	0	0.52205294	1
7332	0	0.19686444	0
7334	0	0.28536367	0
7347	1	0.5017686	1
7351	1	0.29047492	0
7360	0	0.42632276	0
7380	0	0.27980587	0
7393	1	0.80996823	1
7398	1	0.275843	0
7420	0	0.017881712	0
7428	0	0.017210098	0
7430	0	0.44484267	0
7448	0	0.6291065	1
7449	0	0.48962477	0
7458	0	0.6865874	1
7462	0	0.5871639	1
7471	0	0.5519431	1
7472	0	0.4998302	0
7480	0	0.28431964	0
7481	0	0.5184526	1
7490	0	0.36309534	0
7491	0	0.12385491	0
7498	0	0.17352687	0
7521	1	0.4463185	0
7556	0	0.4968768	0
7558	0	0.52131265	1
7579	0	0.7270684	1
7590	1	0.06648391	0
7596	1	0.8751864	1
7598	0	0.49187654	0
7609	0	0.32303366	0
7622	1	0.38956508	0
7649	0	0.5364488	1
7651	0	0.5163309	1
7654	1	0.010149771	0
7659	0	0.57688123	1
7662	1	0.7597042	1
7666	1	0.4122655	0
7670	1	0.63186634	1
7696	1	0.07840815	0
7716	0	0.43594545	0
7729	0	0.21546526	0
7732	1	0.23066391	0
7749	0	0.29558006	0
7754	0	0.16412781	0
7761	0	0.4605413	0
7762	0	0.110501334	0
7766	0	0.4232504	0
7777	0	0.34735277	0
7779	0	0.6205081	1
7780	0	0.16516975	0
7782	0	0.6260661	1
7808	0	0.4940282	0
7814	0	0.3259874	0
7828	0	0.115902714	0
7834	0	0.3725431	0
7852	0	0.5205255	1
7854	0	0.67385733	1
7866	0	0.028535029	0
7869	0	0.0024891319	0
7873	0	0.042423815	0
7874	0	0.0016582687	0
7881	1	0.5094429	1
7882	1	0.35621414	0
7885	1	0.5099728	1
7892	1	0.20050824	0
7893	1	0.81518096	1
7916	1	0.28756338	0
7925	0	0.3196402	0
7936	0	0.105449215	0
7967	0	0.6070814	1
7972	0	0.042478465	0
7977	0	0.0249608	0
7980	0	0.4931154	0
7982	1	0.05094421	0
7992	0	0.40076715	0
8010	0	0.038707674	0
8018	0	0.07667261	0
8021	1	0.6283501	1
8046	0	0.47758523	0
8049	0	0.52180153	1
8071	0	0.4639467	0
8085	0	0.4410677	0
8103	1	0.8631864	1
8105	1	0.5495978	1
8111	1	0.18978749	0
8112	0	0.56667876	1
8124	1	0.6886925	1
8130	1	0.6417951	1
8134	0	0.05376981	0
8145	0	0.022989837	0
8154	1	0.795846	1
8155	1	0.34449354	0
8157	1	0.23081763	0
8158	1	0.3950312	0
8169	1	0.6264794	1
8171	1	0.46844187	0
8181	0	0.47025025	0
8197	0	3.851362e-05	0
8199	0	0.3612595	0
8208	1	0.6237919	1
8209	1	0.21275117	0
8211	0	0.73448485	1
8217	1	0.53977233	1
8221	1	0.46265262	0
8241	0	0.6485436	1
8247	0	0.33574978	0
8254	0	0.43861356	0
8271	0	0.37821847	0
8273	0	0.4645886	0
8291	0	0.105317965	0
8296	0	0.36986414	0
8313	0	0.28895345	0
8340	0	0.55549705	1
8357	1	0.15549432	0
8370	0	0.5923019	1
8380	0	0.003254392	0
8409	0	0.27350378	0
8412	1	0.11917695	0
8425	0	0.53645056	1
8431	1	0.79725087	1
8435	1	0.4169237	0
8447	1	0.48620424	0
8457	1	0.34272727	0
8466	1	0.4268501	0
8482	0	0.46500766	0
8487	0	0.68687063	1
8518	1	0.3084489	0
8522	1	0.5666701	1
8526	1	0.17978713	0
8534	0	0.6557527	1
8543	1	0.2644492	0
8565	0	0.011130528	0
8568	0	0.6248384	1
8577	1	0.4651304	0
8592	1	0.7141987	1
8617	0	0.85075986	1
8673	0	0.11682564	0
8707	1	0.4587036	0
8720	1	0.115035154	0
8755	0	0.5335004	1
8793	1	0.38427582	0
8794	1	0.7011882	1
8815	1	0.1376796	0
8825	0	0.34330308	0
8835	0	0.36501878	0
8846	0	0.25355262	0
8855	0	0.0051101814	0
8858	0	0.4403418	0
8866	0	0.04618387	0
8878	0	0.6265672	1
8900	1	0.5049355	1
8901	1	0.21785116	0
8903	1	0.5198606	1
8927	0	0.19884512	0
8931	0	0.22983249	0
8946	0	0.35334688	0
8949	0	0.0036650472	0
8955	0	0.42090577	0
8963	0	0.0016305014	0
8970	0	0.005308271	0
8988	0	0.43512022	0
9025	1	0.23121363	0
9036	0	0.36630023	0
9038	0	0.59524214	1
9039	0	0.63506633	1
9047	0	0.47652355	0
9049	0	0.5398099	1
9055	0	0.9132571	1
9067	0	9.0404705e-05	0
9072	0	0.47778136	0
9087	1	0.34149474	0
9091	1	0.87330735	1
9094	0	0.29020998	0
9095	1	0.38885865	0
9101	1	0.17125358	0
9106	1	0.7677841	1
9109	1	0.32875517	0
9122	1	0.6195639	1
9134	0	0.22886112	0
9150	1	0.06266417	0
9162	1	0.5055557	1
9172	1	0.62988067	1
9174	1	0.22610065	0
9176	1	0.2743053	0
9178	1	0.3880126	0
9189	1	0.8176104	1
9193	1	0.9159569	1
9210	0	0.6110346	1
9215	0	0.46982142	0
9225	0	0.29423708	0
9231	1	0.67814165	1
9238	0	0.00038725807	0
9246	0	0.9144512	1
9255	0	0.002729597	0
9258	0	0.4351661	0
9260	0	0.45771787	0
9282	0	0.4538842	0
9283	1	0.5643854	1
9301	1	0.6517443	1
9330	1	0.4936399	0
9343	0	0.5452697	1
9347	1	0.32590604	0
9349	1	0.2674099	0
9351	1	0.6136919	1
9352	1	0.9787016	1
9366	1	0.32145113	0
9399	1	0.91518015	1
9418	1	0.6859966	1
9434	1	0.4563825	0
9435	1	0.5047421	1
9437	1	0.5085955	1
9443	1	0.7032572	1
9445	1	0.31346527	0
9457	1	0.23451507	0
9482	0	0.67037046	1
9508	1	0.79801863	1
9509	1	0.112604246	0
9510	1	0.48829573	0
9516	1	0.5376643	1
9528	1	0.0858714	0
9533	0	0.057402987	0
9546	0	0.002467395	0
9548	0	0.6092879	1
9574	0	0.44670877	0
9576	0	0.556745	1
9584	0	0.83151644	1
9598	1	0.7829801	1
9607	1	0.6057536	1
9616	1	0.30725738	0
9619	0	0.462292	0
9629	0	0.37528208	0
9630	0	0.5488475	1
9639	0	0.38043573	0
9643	0	0.5250217	1
9647	0	0.39972803	0
9650	1	0.5771038	1
9651	1	0.7776419	1
9670	0	0.6082149	1
9683	0	0.15418577	0
9706	0	0.5822144	1
9707	0	0.6809719	1
9709	0	0.120321624	0
9721	1	0.36671004	0
9722	1	0.5710829	1
9727	0	0.455835	0
9744	0	0.5546136	1
9754	0	0.00031758417	0
9761	1	0.76742977	1
9772	1	0.5092332	1
9781	1	0.5495421	1
9787	1	0.22888017	0
9789	1	0.4934581	0
9805	0	0.4739829	0
9817	0	0.67351663	1
9842	1	0.43586576	0
9845	1	0.6044003	1
9846	1	0.5509329	1
9864	0	0.4956287	0
9870	0	0.057574246	0
9896	0	0.40483832	0
9913	1	0.27764454	0
9922	1	0.3281834	0
9929	1	0.5497861	1
9934	1	0.72928375	1
9943	0	0.46426606	0
9956	0	0.056803986	0
9961	0	0.010498588	0
9977	0	0.35634622	0
10000	0	0.014958259	0
10026	0	0.0120868785	0
10049	0	0.111621626	0
10055	0	0.03491805	0
10064	0	0.0420722	0
10081	0	0.25780234	0
10104	1	0.0064993384	0
10128	0	0.10407597	0
10161	0	0.581986	1
10175	0	0.3522786	0
10180	1	0.5271607	1
10190	0	0.15805763	0
10192	0	0.016938845	0
10194	0	0.6081502	1
10213	0	0.5835949	1
10233	0	0.07580635	0
10244	0	0.62742114	1
10253	0	0.31471142	0
10266	0	0.062339332	0
10268	0	0.0074098883	0
10269	0	0.14725822	0
10278	0	0.485318	0
10282	0	0.16222718	0
10291	0	0.43178385	0
10295	0	0.65860385	1
10308	0	0.10633389	0
10316	0	0.00022438515	0
10322	0	0.48935732	0
10327	0	0.42977437	0
10333	0	0.0014898649	0
10338	0	0.11615006	0
10351	1	0.33118233	0
10355	1	0.6860264	1
10364	0	0.31129363	0
10370	0	0.47540668	0
10374	0	0.020739192	0
10385	0	0.4831769	0
10406	1	0.9235332	1
10410	0	0.06591572	0
10414	1	0.15357482	0
10416	1	0.18409355	0
10429	0	7.808452e-05	0
10449	0	0.14535625	0
10478	0	0.070388764	0
10480	0	0.41824192	0
10485	0	0.45210794	0
10498	0	0.19927646	0
10502	1	0.6809679	1
10504	1	0.07868207	0
10513	0	0.32195473	0
10520	1	0.9026664	1
10539	0	0.67160964	1
10547	0	0.09608246	0
10554	0	0.5238154	1
10556	0	0.44169408	0
10564	0	0.047166806	0
10583	0	0.36995372	0
10594	1	0.422579	0
10609	1	0.29328954	0
10620	0	0.34526464	0
10640	1	0.89786184	1
10648	1	0.6564024	1
10665	1	0.49641523	0
10670	1	0.7283548	1
10671	1	0.5052	1
10672	1	0.4676914	0
10699	1	0.5403061	1
10721	0	0.014941554	0
10723	1	0.54289156	1
10727	1	0.6436498	1
10730	1	0.20369513	0
10735	1	0.5234594	1
10738	0	0.56270224	1
10741	1	0.62852204	1
10744	1	0.9602142	1
10750	0	0.5753766	1
10765	0	0.6517347	1
10767	0	0.2721368	0
10772	1	0.65995765	1
10773	1	0.21556924	0
10801	1	0.61273533	1
10836	1	0.48496586	0
10842	1	0.5801881	1
10847	1	0.6425796	1
10849	1	0.98216116	1
10857	1	0.5333707	1
10868	1	0.1529408	0
10869	1	0.09458266	0
10875	0	0.49334034	0
10877	0	0.071424894	0
10899	0	0.7125141	1
10914	1	0.39842835	0
10950	0	0.3973484	0
10962	1	0.4217141	0
10971	1	0.6439166	1
10974	1	0.58064836	1
10982	0	0.5184407	1
10984	0	0.6823274	1
10992	0	0.454019	0
10999	0	0.15086648	0
11016	0	0.093035854	0
11026	0	0.582225	1
11046	1	0.926779	1
11070	1	0.7777609	1
11080	0	0.4348905	0
11084	0	0.67674273	1
11113	1	0.2674738	0
11117	1	0.30040067	0
11126	0	0.0032663515	0
11127	0	0.4566033	0
11128	0	0.22250459	0
11140	0	0.094214275	0
11141	0	0.51819813	1
11142	0	0.13672724	0
11143	0	0.29334912	0
11167	0	0.12537397	0
11193	1	0.81474286	1
11202	1	0.90006196	1
11235	1	0.09712547	0
11268	0	0.6272512	1
11303	0	0.4386682	0
11316	0	0.46579435	0
11328	1	0.44975403	0
11334	1	0.41615352	0
11359	1	0.8946961	1
11361	1	0.08189679	0
11368	1	0.23303196	0
11381	1	0.22838323	0
11383	1	0.9406048	1
11400	0	0.4625703	0
11423	0	0.8184491	1
11427	0	0.49661613	0
11428	0	0.6033416	1
11433	1	0.67493546	1
11439	1	0.767419	1
11444	0	0.49417788	0
11449	1	0.14646672	0
11455	1	0.42453915	0
11468	0	0.5634776	1
11488	1	0.4948361	0
11501	1	0.3428409	0
11516	1	0.37942922	0
11524	1	0.5138617	1
11527	0	0.26235655	0
11529	0	0.24760617	0
11535	0	0.3845147	0
11543	1	0.58457094	1
11546	1	0.65864146	1
11553	0	0.70028377	1
11566	1	0.021937022	0
11592	0	0.13101272	0
11608	0	0.26956296	0
11624	0	0.039485965	0
11631	0	0.03943079	0
11635	0	0.635092	1
11641	0	0.42763072	0
11642	0	0.47776493	0
11646	1	0.86432326	1
11662	0	0.91587937	1
11665	0	0.41828582	0
11674	0	0.7635249	1
11685	0	0.36973754	0
11712	1	0.6251143	1
11714	1	0.19704208	0
11742	1	0.3486277	0
11748	1	0.7549776	1
11749	1	0.56458247	1
11781	0	0.00014432178	0
11793	0	0.5370473	1
11795	0	0.43843654	0
11806	1	0.52624375	1
11810	1	0.48095965	0
11813	1	0.62207586	1
11833	0	0.6361132	1
11834	0	0.33404613	0
11840	0	0.42793018	0
11843	0	0.42287472	0
11844	0	0.035198495	0
11852	0	0.3384337	0
11853	0	0.190359	0
11854	0	0.34452683	0
11861	1	0.9893322	1
11865	1	0.2240525	0
11877	1	0.08947268	0
11885	1	0.642436	1
11911	0	0.12884651	0
11919	0	0.41914102	0
11933	1	0.79767245	1
11936	1	0.6973029	1
11957	0	0.6373961	1
11958	0	0.522987	1
11969	0	0.0015417822	0
11975	0	0.62601393	1
11978	1	0.5763539	1
11979	1	0.45730156	0
11980	1	0.80998874	1
11983	0	0.56825465	1
11985	1	0.09152686	0
11988	1	0.35460582	0
11998	1	0.6961704	1
12023	0	0.5752248	1
12026	0	0.17460772	0
12036	0	0.31135902	0
12038	0	0.015201837	0
12075	1	0.11552167	0
12079	1	0.5865495	1
12083	1	0.51644975	1
12086	1	0.86131775	1
12095	1	0.89536935	1
12099	0	0.6197507	1
12106	0	0.42933807	0
12111	0	0.0082257325	0
12130	0	0.10176257	0
12133	0	0.038080733	0
12134	0	0.01908215	0
12142	0	0.6358386	1
12145	0	0.3792079	0
12182	1	0.45190102	0
12190	0	0.3342395	0
12192	0	0.6610969	1
12200	1	0.8858339	1
12205	1	0.9920454	1
12215	1	0.5735917	1
12216	1	0.45783007	0
12243	1	0.27104983	0
12245	1	0.6342021	1
12255	1	0.6429126	1
12257	1	0.54611087	1
12273	1	0.64975536	1
12278	1	0.27905965	0
12281	1	0.40252182	0
12305	0	0.28561518	0
12307	0	0.07805737	0
12314	0	0.13745482	0
12320	0	0.6109873	1
12326	0	0.53963906	1
12329	0	0.35732386	0
12347	1	0.5601455	1
12353	0	0.6739085	1
12357	0	0.322072	0
12362	0	0.8281598	1
12365	0	0.3556747	0
12367	0	0.38481647	0
12376	0	0.030629802	0
12377	0	0.08026	0
12378	0	0.4146543	0
12383	0	0.11544667	0
12384	0	0.040227648	0
12395	0	0.22017875	0
12402	0	0.39917567	0
12409	1	0.4502405	0
12412	0	0.29205117	0
12429	1	0.27234465	0
12434	0	0.40640432	0
12451	0	0.6838036	1
12452	0	0.6730408	1
12470	0	0.17771335	0
12477	0	0.38110122	0
12493	1	0.08200204	0
12499	1	0.5831288	1
12544	0	0.4818424	0
12545	0	0.04303168	0
12548	1	0.96012616	1
12556	0	0.16515096	0
12558	1	0.5573956	1
12585	1	0.50106156	1
12596	1	0.023308538	0
12607	1	0.42359874	0
12616	0	0.6723145	1
12624	0	0.10466956	0
12635	0	0.15639505	0
12642	0	0.017767977	0
12645	0	0.3887158	0
12663	0	0.06758341	0
12667	0	0.25499934	0
12668	0	7.5841956e-05	0
12672	0	0.2804784	0
12686	0	0.052242707	0
12701	0	0.414816	0
12704	0	0.3675017	0
12710	0	0.5945554	1
12724	0	0.013696343	0
12730	0	0.4851529	0
12741	0	0.5588126	1
12777	0	0.23987755	0
12780	1	0.2427651	0
12785	1	0.20809835	0
12786	1	0.8437284	1
12787	1	0.34864882	0
12789	1	0.49920833	0
12799	1	0.46354413	0
12805	1	0.51594824	1
12809	1	0.48071036	0
12810	1	0.2708239	0
12814	1	0.03388413	0
12828	1	0.30194038	0
12846	0	0.50779194	1
12853	0	0.036879484	0
12887	0	0.34208494	0
12894	0	0.2363317	0
12916	1	0.4855883	0
12927	0	0.0007798208	0
12940	1	0.4124252	0
12946	1	0.021097556	0
12949	1	0.48644054	0
12951	1	0.3434859	0
12968	1	0.8665952	1
12984	1	0.61373615	1
13001	0	0.24054901	0
13002	0	0.13738307	0
13012	0	0.14345093	0
13024	1	0.44240424	0
13031	1	0.80115306	1
13035	1	0.077459164	0
13040	1	0.5574029	1
13050	0	0.49707478	0
13051	0	0.55427766	1
13068	1	0.7245247	1
13077	1	0.67014277	1
13081	0	0.4147194	0
13097	1	0.28118318	0
13100	1	0.61238885	1
13114	1	0.80981	1
13118	1	0.513598	1
13130	1	0.29894727	0
13136	1	0.30813724	0
13137	0	0.00014585603	0
13140	1	0.6645415	1
13149	0	0.46793345	0
13154	0	0.61605585	1
13155	0	0.0050098873	0
13156	0	0.35429642	0
13163	0	0.6152597	1
13172	0	0.050244365	0
13204	1	0.36282954	0
13205	1	0.3219192	0
13230	1	0.4640832	0
13236	1	0.37751192	0
13268	1	0.5134274	1
13273	1	0.6605541	1
13311	1	0.6303224	1
13316	1	0.3836154	0
13339	0	0.4538492	0
13347	1	0.002260714	0
13357	0	0.4029493	0
13363	0	0.0020121941	0
13365	0	0.22776775	0
13366	0	0.37734926	0
13388	0	0.25410938	0
13415	0	0.4685712	0
13426	0	0.19567412	0
13429	1	0.48188606	0
13437	1	0.47474405	0
13442	0	0.87417704	1
13448	1	0.6440457	1
13462	0	0.44533235	0
13468	1	0.48999143	0
13488	0	0.18146364	0
13494	0	0.00035622	0
13504	0	0.3912824	0
13513	0	0.0011469917	0
13517	0	0.02120479	0
13524	0	0.22399636	0
13548	1	0.45030028	0
13554	1	0.9672965	1
13555	0	0.4087845	0
13556	1	0.9076901	1
13571	0	0.55531466	1
13589	0	0.53172565	1
13604	1	0.39977467	0
13635	1	0.16099215	0
13636	1	0.60538995	1
13667	1	0.32550463	0
13672	1	0.7156271	1
13706	1	0.10812805	0
13712	0	0.30339587	0
13726	1	0.12622325	0
13728	1	0.9964645	1
13734	1	0.03874092	0
13736	1	0.6098902	1
13739	1	0.3583505	0
13740	1	0.24099666	0
13748	1	0.4965601	0
13754	0	0.4676456	0
13768	0	0.018442834	0
13772	0	0.20555595	0
13784	1	0.24475984	0
13809	0	0.32930163	0
13829	0	0.32847932	0
13855	0	0.8286094	1
13859	1	0.47883272	0
13867	0	0.0004932981	0
13888	1	0.49105337	0
13890	1	0.5329133	1
13897	1	0.16100587	0
13899	1	0.65284514	1
13905	1	0.24365973	0
13906	1	0.60440046	1
13915	1	0.45717165	0
13943	0	0.5351537	1
13951	0	0.5717385	1
13969	1	0.37303653	0
13988	1	0.16723236	0
14014	1	0.7288611	1
14022	1	0.15969308	0
14023	1	0.3753288	0
14024	1	0.6119055	1
14025	1	0.41331315	0
14031	1	0.54981214	1
14056	1	0.4125722	0
14076	0	0.07094355	0
14090	0	0.4351575	0
14108	0	0.25260976	0
14126	0	0.16405384	0
14141	1	0.53563565	1
14144	1	0.4868902	0
14162	1	0.089052595	0
14168	0	0.6927855	1
14199	1	0.8045042	1
14220	0	0.42410082	0
14228	0	0.05333991	0
14248	1	0.008466701	0
14263	0	0.4961944	0
14289	0	0.2365493	0
14300	1	0.69502586	1
14306	0	0.51745903	1
14308	1	0.7769806	1
14309	1	0.37981805	0
14324	1	0.48833272	0
14350	1	0.5193327	1
14356	1	0.3519582	0
14359	1	0.6960308	1
14362	1	0.5089079	1
14366	1	0.088587634	0
14372	1	0.5547763	1
14376	1	0.40489647	0
14379	1	0.62892365	1
14387	0	0.032415956	0
14388	0	0.32646924	0
14393	0	0.9177361	1
14413	0	0.5351056	1
14442	0	0.4300603	0
14459	1	0.3685017	0
14469	1	0.50431246	1
14476	0	0.90762275	1
14499	0	0.56900233	1
14508	0	0.458105	0
14521	1	0.6909164	1
14531	0	0.48819047	0
14557	0	0.5105961	1
14566	0	0.5215359	1
14588	0	0.722785	1
14589	0	0.30816412	0
14591	0	0.22612476	0
14599	1	0.74687886	1
14612	1	0.54022694	1
14639	1	0.5313771	1
14654	0	0.48393875	0
14658	1	0.5920595	1
14665	1	0.30539432	0
14673	0	0.5620901	1
14679	1	0.18095607	0
14680	1	0.46684858	0
14694	1	0.24923156	0
14716	0	0.50061584	1
14723	0	0.08178983	0
14741	1	0.6904851	1
14745	1	0.5977477	1
14750	1	0.23507345	0
14774	1	0.39554182	0
14775	1	0.39411846	0
14777	1	0.21664767	0
14813	0	0.47642136	0
14814	1	0.9938983	1
14816	1	0.75296575	1
14822	1	0.6417377	1
14823	1	0.9919451	1
14840	0	0.6245211	1
14842	0	0.33866456	0
14846	0	0.3624777	0
14848	0	0.5945318	1
14865	0	0.74506277	1
14872	0	0.6485533	1
14884	0	0.595533	1
14904	0	0.16831928	0
14911	0	0.0001532371	0
14913	0	0.051893823	0
14936	0	0.044064526	0
14942	1	0.954245	1
14951	0	0.5978904	1
14982	0	0.6447938	1
15001	1	0.54257715	1
15002	1	0.3949894	0
15016	0	0.2860206	0
15051	0	3.4497258e-05	0
15055	0	0.68577725	1
15061	0	0.038088866	0
15066	0	0.0374366	0
15067	0	0.3168142	0
15077	0	0.8037989	1
15082	0	0.035969466	0
15094	1	0.56926036	1
15106	0	0.16826595	0
15108	0	0.49339634	0
15115	1	0.21784551	0
15124	1	0.8812362	1
15125	1	0.46427664	0
15132	1	0.5763815	1
15133	1	0.07739964	0
15136	1	0.018204039	0
15147	1	0.4601938	0
15173	0	0.025653454	0
15201	1	0.80262107	1
15206	1	0.6968488	1
15209	1	0.9909958	1
15239	1	0.43394262	0
15249	0	0.047734115	0
15252	0	0.027833447	0
15260	1	0.6328143	1
15288	1	0.4017581	0
15290	1	0.54779553	1
15301	1	0.8210451	1
15321	0	0.18969506	0
15341	0	0.52656776	1
15368	1	0.61838424	1
15373	1	0.51347905	1
15388	1	0.34211656	0
15389	1	0.546594	1
15401	0	0.118090965	0
15411	0	0.0065362174	0
15420	0	0.47749624	0
15434	0	0.27236304	0
15449	0	0.5104118	1
15457	0	0.26829442	0
15482	0	0.5181732	1
15486	0	0.2916546	0
15492	0	0.01783541	0
15495	0	0.30597222	0
15515	1	0.16246398	0
15517	1	0.0010059582	0
15520	0	0.3037292	0
15521	0	0.029542688	0
15524	0	0.22096483	0
15530	0	0.33087072	0
15534	0	0.360025	0
15535	0	0.07086432	0
15537	0	0.01481619	0
15549	0	0.11802291	0
15552	0	0.36790013	0
15555	0	0.49432278	0
15582	1	0.024239225	0
15589	1	0.8674442	1
15594	1	0.33529854	0
15615	0	0.07538343	0
15634	0	0.4912791	0
15644	0	0.22896293	0
15653	0	0.47640145	0
15654	0	0.05819323	0
15655	0	0.03281406	0
15664	1	0.17624468	0
15679	0	0.022839764	0
15690	1	0.3399179	0
15696	0	0.40910125	0
15723	0	0.2915325	0
15728	0	0.08430914	0
15775	0	0.6199442	1
15779	0	0.4414385	0
15788	0	0.13461429	0
15791	0	0.059583306	0
15804	0	0.21934153	0
15811	0	0.5733907	1
15818	0	0.17858551	0
15823	0	0.06577398	0
15833	0	0.0030942925	0
15840	0	0.003184018	0
15846	1	0.60974604	1
15879	0	0.45104623	0
15883	0	0.5567175	1
15885	0	0.28381926	0
15890	0	0.4130275	0
15897	0	0.02583468	0
15906	0	0.6673252	1
15911	0	0.5210489	1
15924	0	0.83483905	1
15929	0	0.395041	0
15943	0	0.002098213	0
15962	0	0.0143905645	0
15965	0	0.7446233	1
15977	0	0.30525145	0
15980	0	0.09073236	0
15985	0	0.01112346	0
15987	1	0.35009605	0
15999	1	0.017938955	0
16020	0	0.5361519	1
16047	1	0.6465791	1
16057	1	0.6295757	1
16068	0	0.0977331	0
16083	0	0.06372266	0
16089	0	0.07421973	0
16090	0	0.46898842	0
16093	1	0.28171602	0
16112	1	0.15447845	0
16135	1	0.5388484	1
16147	0	0.4109006	0
16155	0	0.0412751	0
16163	0	0.21161371	0
16164	0	0.03517658	0
16177	1	0.60207504	1
16183	0	0.25637156	0
16190	1	0.7452334	1
16197	1	0.41606137	0
16203	1	0.46584743	0
16204	1	0.3594809	0
16205	1	0.37246293	0
16207	1	0.92481905	1
16211	1	0.35678732	0
16216	1	0.90681624	1
16227	0	0.2025278	0
16237	0	0.00271749	0
16246	0	0.027447987	0
16255	0	0.00052159355	0
16256	0	0.7218113	1
16274	0	0.42946512	0
16276	0	0.044078212	0
16281	0	0.24185234	0
16293	1	0.39656082	0
16318	0	0.042779032	0
16335	0	0.4672215	0
16352	1	0.16980974	0
16360	1	0.032943856	0
16365	1	0.35996455	0
16370	1	0.24262366	0
16385	1	0.6046033	1
16406	0	0.49615484	0
16410	0	0.35181618	0
16412	0	0.045988034	0
16415	0	0.78046936	1
16419	0	0.50450283	1
16422	0	0.00024220721	0
16431	1	0.4225086	0
16437	1	0.6045068	1
16449	1	0.6660122	1
16452	0	0.766504	1
16465	1	0.526465	1
16483	0	0.103807144	0
16498	0	0.029624276	0
16501	0	0.029041847	0
16507	0	0.3773145	0
16521	0	0.5986513	1
16524	0	0.1743096	0
16536	0	0.011582919	0
16542	0	0.083565846	0
16566	0	0.25329456	0
16585	0	0.7548469	1
16602	0	0.7542231	1
16614	1	0.7214564	1
16628	0	0.0012214634	0
16651	0	0.5632221	1
16664	1	0.5399452	1
16666	1	0.6245976	1
16693	1	0.6691541	1
16700	1	0.48868525	0
16708	1	0.36596528	0
16717	1	0.25949645	0
16723	0	0.95650005	1
16724	0	0.14064592	0
16727	0	0.66217005	1
16728	0	0.04628186	0
16735	0	0.34713036	0
16752	0	0.27628925	0
16755	1	0.34882578	0
16767	1	0.94478923	1
16771	1	0.14460507	0
16780	0	0.5018138	1
16783	0	0.48927283	0
16787	0	0.13340254	0
16792	0	0.12430078	0
16794	0	0.01262013	0
16795	0	0.16288263	0
16808	0	0.31329855	0
16812	0	0.1352341	0
16829	0	0.27051604	0
16842	0	0.0056132185	0
16862	0	0.0071731596	0
16870	0	0.051086586	0
16879	0	0.41354418	0
16888	0	0.37864235	0
16890	0	0.022295956	0
16924	1	0.9705865	1
16930	1	0.5234508	1
16933	1	0.7022499	1
16984	0	0.5837719	1
16986	0	0.46499482	0
16999	0	0.3394699	0
17004	0	0.0010391392	0
17009	0	0.5448894	1
17012	0	0.39880604	0
17021	0	0.26403928	0
17030	0	0.47527665	0
17043	0	0.72564673	1
17048	0	0.07645413	0
17072	0	0.122437924	0
17082	0	0.72898114	1
17085	0	0.052412003	0
17092	0	0.093335964	0
17101	1	0.59942544	1
17113	1	0.25012994	0
17118	0	0.000118874996	0
17120	0	0.10620156	0
17124	0	0.041283112	0
17128	0	0.24363598	0
17133	0	0.24784836	0
17141	0	0.6906068	1
17152	0	0.15378876	0
17172	1	0.21849032	0
17199	1	0.04837927	0
17203	0	0.50953734	1
17206	0	0.23543142	0
17240	0	0.03107475	0
17242	0	0.35134318	0
17246	0	0.5059211	1
17258	0	0.0051045166	0
17266	0	0.0049371044	0
17267	0	0.2620001	0
17274	0	0.034440372	0
17280	1	0.6008202	1
17288	0	0.20176136	0
17301	0	0.39826924	0
17307	0	0.078647755	0
17308	0	0.6310436	1
17314	0	0.7749352	1
17325	0	0.5257469	1
17328	1	0.49603572	0
17329	1	0.55979586	1
17337	1	0.48062927	0
17341	1	0.81715626	1
17350	1	0.6193823	1
17353	1	0.61367697	1
17357	0	1.5553684e-05	0
17362	1	0.15308054	0
17370	1	0.32365945	0
17381	1	0.7204298	1
17411	1	0.3013402	0
17412	1	0.61730516	1
17413	1	0.7423568	1
17428	1	0.10289385	0
17439	0	0.28884992	0
17449	1	0.99046165	1
17452	0	0.23351547	0
17480	1	0.48113877	0
17482	1	0.0020253516	0
17513	1	0.95956606	1
17518	1	0.03256643	0
17534	0	0.6201877	1
17548	1	0.52585775	1
17553	1	0.6320413	1
17554	1	0.07395263	0
17576	0	0.17857973	0
17581	0	0.00077945704	0
17587	0	0.36688325	0
17596	0	0.0026389922	0
17597	0	0.6133445	1
17611	1	0.6249709	1
17615	0	0.5930692	1
17627	0	0.48319748	0
17641	0	0.05978306	0
17653	0	0.39767575	0
17664	0	0.0012801992	0
17670	0	0.48651645	0
17678	0	0.07108747	0
17682	0	0.39539224	0
17699	0	0.13693686	0
17700	0	0.14999822	0
17710	0	0.00420823	0
17723	0	0.6491839	1
17735	0	0.44667184	0
17737	1	0.5256367	1
17742	1	0.43927017	0
17752	1	0.17120007	0
17765	1	0.85083854	1
17766	1	0.35310623	0
17786	0	0.30690184	0
17787	0	0.5907267	1
17792	0	0.4826078	0
17803	0	0.19044252	0
17805	1	0.0076974207	0
17807	0	0.350412	0
17808	0	0.34195793	0
17833	1	0.4188414	0
17877	1	0.9511069	1
17883	1	0.2941522	0
17885	1	0.14138515	0
17893	1	0.028354254	0
17904	1	0.5239733	1
17908	1	0.59539795	1
17909	1	0.93297464	1
17913	0	0.6491154	1
17929	1	0.5991326	1
17932	1	0.25935224	0
17953	0	0.47401723	0
17954	0	0.00014804048	0
17972	0	0.37020105	0
17981	0	0.008171534	0
18015	0	0.0980198	0
18020	0	0.37486058	0
18038	0	0.63679117	1
18044	0	0.006200657	0
18067	0	0.42995214	0
18077	1	0.44464666	0
18095	0	0.7665931	1
18138	0	0.09736177	0
18142	0	0.00025412394	0
18150	0	0.31958544	0
18159	0	0.044674706	0
18161	0	0.18550704	0
18171	0	0.6093963	1
18175	1	0.47978526	0
18187	1	0.4806536	0
18194	1	0.101640485	0
18195	1	0.26015964	0
18200	0	0.43328446	0
18202	1	0.39977205	0
18203	1	0.5961601	1
18211	1	0.8599037	1
18220	0	0.0004857324	0
18231	0	0.6501334	1
18254	0	0.40182152	0
18267	0	0.32573786	0
18268	0	0.4641489	0
18272	0	0.17599332	0
18279	0	0.08587281	0
18282	0	0.42746106	0
18285	1	0.53241175	1
18304	0	0.2255625	0
18311	1	0.38761947	0
18323	0	0.38772017	0
18324	0	0.017023258	0
18326	1	0.084437296	0
18329	1	0.49679345	0
18344	0	0.03430107	0
18345	0	0.31488243	0
18351	0	0.2781967	0
18371	0	0.5797051	1
18384	1	0.3555203	0
18409	1	0.38428614	0
18412	1	0.7682203	1
18426	1	0.63334125	1
18437	1	0.42598173	0
18438	1	0.3536146	0
18439	1	0.79154927	1
18447	1	0.59647626	1
18457	1	0.6007519	1
18462	0	0.6223818	1
18474	1	0.59182614	1
18477	1	0.6488239	1
18493	1	0.5658302	1
18512	1	0.28587884	0
18513	1	0.6192552	1
18518	0	0.64497226	1
18523	0	0.5873685	1
18529	0	0.49362165	0
18545	0	0.8363719	1
18556	1	0.18520738	0
18559	1	0.3152732	0
18562	1	0.75105834	1
18578	1	0.5552234	1
18583	0	0.40600514	0
18596	0	0.0053649144	0
18597	0	0.0121362405	0
18598	0	0.730733	1
18614	0	0.8858416	1
18619	0	0.026546922	0
18620	0	0.3296529	0
18624	1	0.55595165	1
18629	1	0.5584659	1
18640	1	0.40460056	0
18646	0	0.69631517	1
18648	0	0.36002362	0
18649	0	0.3481059	0
18673	0	0.07735419	0
18675	0	0.005575614	0
18696	1	0.47841597	0
18700	1	0.4306607	0
18719	1	0.5604067	1
18724	0	0.09908773	0
18727	0	0.43532607	0
18741	0	0.5719684	1
18744	0	2.5893223e-05	0
18759	1	0.5564893	1
18773	1	0.21537821	0
18781	0	0.38824162	0
18799	0	0.3076371	0
18812	1	0.4397644	0
18819	1	0.4778984	0
18820	1	0.8951719	1
18830	1	0.12658684	0
18833	1	0.2912885	0
18838	1	0.29343942	0
18853	0	0.037561495	0
18892	0	0.10832224	0
18893	0	0.45715302	0
18915	0	0.54444426	1
18931	0	0.05666934	0
18942	1	0.52444935	1
18963	1	0.5780675	1
18969	1	0.3340292	0
18988	0	0.83028936	1
19003	0	0.5988586	1
19005	1	0.8619171	1
19011	0	0.036114898	0
19023	1	0.5230851	1
19027	1	0.19045886	0
19041	1	0.25653586	0
19075	1	0.41253433	0
19082	1	0.08271188	0
19090	0	0.27786225	0
19102	0	0.59707123	1
19108	0	0.20074818	0
19115	0	0.012974813	0
19116	0	0.441742	0
19119	0	0.41252807	0
19126	0	0.035460643	0
19128	0	0.23452795	0
19129	0	0.022432556	0
19133	0	0.29184324	0
19160	0	0.0782018	0
19184	0	0.50778484	1
19198	0	0.5441913	1
19204	0	0.44016337	0
19216	1	0.16940168	0
19223	1	0.29100576	0
19237	1	0.03054854	0
19238	1	0.47602427	0
19243	1	0.36974236	0
19245	1	0.546183	1
19253	0	0.9837372	1
19256	0	0.55470115	1
19274	0	0.0032706733	0
19290	0	0.22218123	0
19291	0	0.4978627	0
19301	0	0.38815907	0
19307	0	0.46351063	0
19322	0	0.016686698	0
19353	1	0.46479696	0
19373	0	0.36435166	0
19380	0	0.4384832	0
19389	0	0.019754443	0
19403	1	0.7248037	1
19408	1	0.7740238	1
19411	0	0.5079055	1
19431	1	0.44068003	0
19434	1	0.043368075	0
19441	1	0.40897495	0
19469	0	0.81455195	1
19473	0	0.0007749205	0
19490	0	0.42872515	0
19492	0	0.09771567	0
19494	0	0.0335933	0
19538	0	0.8354884	1
19554	1	0.82029945	1
19557	1	0.041607272	0
19567	0	0.46790174	0
19574	0	0.50467676	1
19576	0	0.42703253	0
19593	1	0.08835845	0
19595	1	0.79405785	1
19612	1	0.6567637	1
19633	1	0.37330565	0
19643	1	0.61597055	1
19650	1	0.9718901	1
19654	0	0.4606789	0
19665	1	0.36891952	0
19667	1	0.10460713	0
19684	1	0.64095324	1
19685	1	0.619644	1
19709	1	0.053625952	0
19716	1	0.98588866	1
19721	0	0.35431656	0
19724	0	0.51607686	1
19728	1	0.41111124	0
19759	0	0.053750657	0
19782	1	0.6862669	1
19808	1	0.99106956	1
19809	1	0.55312306	1
19827	1	0.61799026	1
19834	1	0.5785552	1
19886	0	0.43734848	0
19889	1	0.48833513	0
19892	1	0.5626888	1
19908	1	0.22811599	0
19912	1	0.738792	1
19916	1	0.5270612	1
19927	0	0.017352907	0
19962	0	0.78629583	1
19965	1	0.21888992	0
19966	1	0.6739033	1
19976	1	0.35192892	0
19987	1	0.47167432	0
19998	0	0.43817797	0
19999	1	0.7564192	1
20000	1	0.39506322	0
20005	0	0.3939353	0
20019	0	0.46005017	0
20022	0	0.46449682	0
20026	1	0.42203173	0
20032	1	0.560665	1
20035	1	0.42441085	0
20054	0	0.02014603	0
20070	0	0.009339976	0
20086	0	0.3954503	0
20095	0	0.6938162	1
20102	0	0.1575339	0
20105	0	0.3736195	0
20109	1	0.6073752	1
20110	1	0.12621836	0
20129	1	0.41417277	0
20131	1	0.16689646	0
20148	0	0.7092996	1
20151	0	0.25588262	0
20158	0	3.249851e-05	0
20189	0	0.044307817	0
20197	0	0.052820407	0
20199	0	0.4866692	0
20200	0	0.21670137	0
20213	0	0.26899543	0
20233	0	0.58721703	1
20237	0	0.42328492	0
20238	0	0.0044333986	0
20248	0	0.46318275	0
20257	0	0.0022754269	0
20282	0	0.0040081493	0
20283	0	0.3752844	0
20299	0	0.05562267	0
20301	0	0.59000653	1
20305	1	0.36546338	0
20320	0	0.3671781	0
20327	1	0.52759826	1
20328	1	0.002396252	0
20338	0	0.10074514	0
20345	1	0.22774208	0
20352	0	0.6222115	1
20365	0	0.26501837	0
20368	0	0.27889374	0
20370	0	0.07958157	0
20398	0	0.25804394	0
20410	0	0.5974213	1
20422	1	0.80948114	1
20425	1	0.80063903	1
20433	0	0.00014709041	0
20434	0	0.050914522	0
20457	1	0.5515137	1
20467	1	0.6914177	1
20471	1	0.8445013	1
20480	1	0.52170646	1
20485	0	0.4457893	0
20495	0	0.008009091	0
20507	0	0.009712791	0
20518	0	0.6149922	1
20520	0	0.020398922	0
20531	0	0.004298814	0
20534	0	0.04225256	0
20541	0	0.41813573	0
20548	0	0.015927918	0
20549	0	0.48684207	0
20553	0	0.08567237	0
20562	0	0.004293658	0
20576	1	0.45518214	0
20581	0	0.0049106036	0
20600	1	0.53947335	1
20606	1	0.56438345	1
20613	1	0.5363798	1
20617	0	0.15516426	0
20618	0	0.6353651	1
20620	0	0.746954	1
20623	1	0.45083943	0
20631	1	0.6873499	1
20643	1	0.7280828	1
20644	1	0.13653688	0
20647	1	0.64837575	1
20659	1	0.39426184	0
20662	0	0.31641236	0
20697	1	0.50728136	1
20698	1	0.8199709	1
20716	1	0.73785084	1
20722	1	0.66545475	1
20728	0	0.82739127	1
20738	0	0.6914898	1
20741	0	0.46051154	0
20743	0	0.0019343653	0
20751	0	0.4654814	0
20761	1	0.24767554	0
20766	1	0.8392054	1
20797	0	0.093942076	0
20802	0	0.089626096	0
20803	0	0.021739041	0
20811	0	0.009797731	0
20812	0	0.010519874	0
20831	0	0.2735322	0
20835	1	0.90279835	1
20840	1	0.2562196	0
20856	0	0.49144003	0
20902	0	0.06738086	0
20903	0	0.95552635	1
20908	0	0.038157664	0
20917	1	0.65796834	1
20918	1	0.36688125	0
20938	0	0.007080302	0
20945	0	0.34238887	0
20958	0	0.32130235	0
20961	0	0.0018170876	0
20970	0	0.3877639	0
20975	0	0.24762301	0
20994	0	0.41433653	0
20996	0	0.010514675	0
21007	1	0.72776556	1
21012	1	0.49053627	0
21030	1	0.5566093	1
21034	1	0.22089301	0
21037	1	0.20894098	0
21050	1	0.37229675	0
21061	1	0.51405257	1
21070	0	0.45731127	0
21092	0	0.009105025	0
21100	0	0.3090449	0
21102	0	0.057244275	0
21106	0	0.026490321	0
21110	0	1.0970915e-05	0
21118	1	0.98508865	1
21135	1	0.49499026	0
21155	1	0.5669619	1
21166	0	0.47299254	0
21168	0	0.0024616215	0
21202	0	0.43382573	0
21218	0	0.41037375	0
21219	0	0.55120724	1
21250	1	0.48271495	0
21256	0	0.2962748	0
21261	0	0.03630939	0
21267	0	0.33648604	0
21281	0	0.46044773	0
21284	1	0.84089077	1
21296	1	0.5077333	1
21302	1	0.56072867	1
21306	0	0.45811406	0
21311	0	0.33420476	0
21324	0	0.70718527	1
21335	1	0.5165942	1
21348	0	0.040526625	0
21374	1	0.74958116	1
21383	1	0.64011455	1
21385	1	0.79239804	1
21386	1	0.5306565	1
21387	1	0.2778948	0
21392	1	0.27728084	0
21411	0	0.16702802	0
21413	0	0.20551467	0
21427	0	0.6057571	1
21430	0	0.3297789	0
21435	0	0.07568619	0
21450	0	0.27574447	0
21459	0	0.5287924	1
21466	1	0.31795144	0
21473	0	0.08866587	0
21487	0	0.026562722	0
21492	0	0.40235224	0
21508	1	0.66917294	1
21511	1	0.41965327	0
21513	0	0.32316777	0
21538	0	0.60659456	1
21549	0	0.62733084	1
21567	1	0.5290555	1
21569	1	0.99558026	1
21576	0	0.46500137	0
21583	1	0.3893049	0
21584	0	0.48699942	0
21585	0	0.37172785	0
21612	0	0.35956356	0
21622	0	0.17529993	0
21641	0	0.73167735	1
21665	0	0.41229847	0
21670	1	0.55325174	1
21694	1	0.5237939	1
21708	1	0.39039877	0
21723	0	0.3965819	0
21731	0	0.32460433	0
21739	0	0.05171147	0
21740	0	0.4976207	0
21750	1	0.07352459	0
21762	1	0.6887582	1
21766	0	0.5095491	1
21767	0	0.20778245	0
21776	1	0.06471612	0
21779	0	0.39428547	0
21794	1	0.0010561484	0
21796	1	0.40161747	0
21820	1	0.3070269	0
21822	1	0.36831653	0
21828	0	0.51131827	1
21836	1	0.020381464	0
21841	0	0.85211736	1
21851	0	0.45297676	0
21863	0	0.33879519	0
21889	1	0.9755663	1
21899	1	0.45558375	0
21919	1	0.4748819	0
21925	1	0.3762851	0
21938	0	0.4374607	0
21957	1	0.9995123	1
21958	1	0.34301743	0
21962	1	0.3517832	0
21967	1	0.54996806	1
21969	1	0.43683118	0
21971	1	0.47280008	0
21995	1	0.58196527	1
22003	1	0.5730774	1
22006	1	0.011130528	0
22009	1	0.64698666	1
22013	1	0.6373416	1
22016	1	0.756064	1
22034	1	0.5154434	1
22037	1	0.39325535	0
22047	1	0.36281663	0
22058	1	0.12844291	0
22065	1	0.6444327	1
22082	0	0.5163193	1
22086	0	0.51476014	1
22089	0	0.58166146	1
22093	0	0.11813176	0
22094	0	0.4245846	0
22132	1	0.8274398	1
22137	0	0.57864434	1
22140	0	0.36830282	0
22151	0	0.24423902	0
22155	0	0.44557884	0
22167	1	0.42313623	0
22201	0	0.10804814	0
22250	1	0.99783105	1
22265	1	0.5194221	1
22270	0	0.14545533	0
22276	0	0.5204423	1
22279	0	0.627277	1
22280	0	0.29757583	0
22300	1	0.754708	1
22316	1	0.46790394	0
22330	0	0.5705462	1
22361	1	0.5763778	1
22364	1	0.028403288	0
22365	1	0.27904522	0
22369	1	0.9986895	1
22379	0	0.26752043	0
22381	1	0.42946142	0
22387	1	0.26209623	0
22389	1	0.02464703	0
22392	0	0.361045	0
22399	0	0.16425821	0
22413	0	0.6225201	1
22417	0	0.34611318	0
22418	0	0.0024665948	0
22421	0	0.5076636	1
22425	0	0.58181787	1
22426	1	0.62449884	1
22429	1	0.72349024	1
22431	1	0.32253835	0
22436	0	0.6226157	1
22459	0	0.3020826	0
22462	0	0.0004454107	0
22465	0	0.0178439	0
22503	1	0.5872757	1
22531	1	0.98058563	1
22534	1	0.93496126	1
22545	0	0.0014570707	0
22552	0	0.045431923	0
22559	0	0.18884102	0
22597	1	0.029966732	0
22601	0	0.081628986	0
22615	1	0.5133098	1
22637	0	0.35679185	0
22652	1	0.12512007	0
22655	1	0.4853567	0
22662	0	0.45279256	0
22683	1	0.99341196	1
22693	1	0.63528526	1
22702	1	0.46617186	0
22705	1	0.18592177	0
22709	1	0.25132236	0
22718	1	0.6666165	1
22741	1	0.56670433	1
22752	0	0.31780657	0
22759	0	0.51112705	1
22801	1	0.52582926	1
22815	1	0.424003	0
22826	0	0.47007507	0
22833	1	0.4376253	0
22834	1	0.85142535	1
22844	1	0.636199	1
22875	1	0.32010117	0
22876	1	0.090576075	0
22906	1	0.5448308	1
22931	1	0.5714167	1
22944	1	0.49933583	0
22949	0	0.12804496	0
22955	1	0.88478065	1
22956	1	0.34369352	0
22959	1	0.51293427	1
22966	1	0.53355926	1
22969	1	0.66494024	1
22970	1	0.110643946	0
22976	1	0.6248999	1
22980	1	0.55876243	1
22994	0	0.335683	0
23016	0	0.10360178	0
23049	0	0.5176829	1
23050	0	0.53979117	1
23052	0	0.48622024	0
23066	0	0.06793992	0
23074	0	0.6384809	1
23076	0	0.02760126	0
23088	0	0.39448175	0
23104	0	0.00011526351	0
23105	0	0.46255597	0
23108	0	0.0008987376	0
23116	0	0.46974298	0
23123	0	0.6022527	1
23136	0	0.031638857	0
23140	0	0.43550977	0
23145	0	0.013334047	0
23155	0	0.0079200575	0
23159	0	0.93022704	1
23161	0	0.08852215	0
23163	0	0.22962311	0
23174	0	0.25526485	0
23184	0	0.49788496	0
23186	1	0.020844594	0
23193	1	0.4081386	0
23206	1	0.42900902	0
23213	1	0.60275865	1
23237	0	0.16485839	0
23244	0	0.30691355	0
23245	0	0.19875424	0
23247	0	0.13350797	0
23250	0	0.46456358	0
23256	1	0.6478039	1
23259	0	0.017659403	0
23274	1	0.35317057	0
23277	1	0.91148955	1
23299	1	0.26000628	0
23307	1	0.45504445	0
23309	1	0.43873304	0
23323	1	0.7078902	1
23339	1	0.76553285	1
23344	0	0.3441105	0
23354	1	0.032330096	0
23361	0	0.434251	0
23371	0	0.5691511	1
23374	0	0.04518449	0
23386	1	0.5686687	1
23393	0	0.11998788	0
23405	0	0.008237115	0
23411	0	0.31179506	0
23425	0	0.59579784	1
23429	1	0.4023165	0
23455	0	0.03591403	0
23465	0	0.20740652	0
23470	0	0.5023275	1
23491	0	0.4463167	0
23495	0	0.018637057	0
23504	0	0.9474159	1
23508	0	0.38152233	0
23516	0	0.006063554	0
23540	0	0.00036014375	0
23555	0	0.11488098	0
23560	0	0.033549517	0
23576	0	0.6478329	1
23587	0	0.115602784	0
23622	0	0.053113587	0
23626	1	0.490989	0
23627	1	0.30633873	0
23636	1	0.95783097	1
23643	1	0.57158643	1
23656	1	0.6394224	1
23668	0	0.037363872	0
23680	0	0.7843733	1
23688	0	0.04797354	0
23692	0	0.4379143	0
23696	0	0.09189964	0
23704	0	1.4315848e-05	0
23714	0	0.38490433	0
23744	0	0.5091853	1
23747	0	0.19374323	0
23751	0	0.3427582	0
23758	0	0.018882051	0
23762	1	0.74773717	1
23769	1	0.8558621	1
23771	1	0.053912647	0
23779	1	0.140171	0
23786	1	0.49967197	0
23809	1	0.76572007	1
23816	0	0.16129942	0
23854	0	0.278442	0
23855	0	0.2160491	0
23870	0	0.14202085	0
23872	0	0.9322568	1
23877	0	0.56630445	1
23888	1	0.8529633	1
23895	1	0.8041439	1
23899	1	0.36188847	0
23912	1	0.580001	1
23916	1	0.009410135	0
23918	1	0.27563938	0
23922	0	0.56368864	1
23924	0	0.6460945	1
23933	0	0.3991897	0
23938	0	0.5469315	1
23942	1	0.45183218	0
23947	1	0.024094645	0
23956	1	0.19884753	0
23965	1	0.5069498	1
24009	1	0.09307147	0
24018	1	0.42660174	0
24044	0	0.5749009	1
24047	0	0.009688623	0
24050	0	0.162985	0
24072	0	0.35623068	0
24075	1	0.04402706	0
24084	0	0.26979277	0
24085	0	0.012272455	0
24087	0	0.30307397	0
24090	0	0.44900885	0
24100	0	0.38432562	0
24103	0	0.51919156	1
24123	1	0.64285535	1
24141	1	0.9369769	1
24148	0	0.5821609	1
24162	0	0.30103162	0
24164	0	0.9967069	1
24179	0	0.10305593	0
24200	0	0.5569099	1
24201	0	0.13300255	0
24205	0	0.3807261	0
24206	0	0.269446	0
24212	0	0.042505793	0
24213	0	0.50216204	1
24222	1	0.47587833	0
24230	1	0.48029694	0
24231	1	0.85731274	1
24244	1	0.41867962	0
24269	0	0.5791316	1
24280	1	0.30857605	0
24283	1	0.37208113	0
24289	0	0.43802553	0
24291	0	0.29791838	0
24292	1	0.6670035	1
24294	1	0.53188455	1
24311	0	0.59778893	1
24312	0	0.1545789	0
24315	0	0.098183624	0
24328	1	0.36844844	0
24331	1	0.75051296	1
24351	1	0.5684937	1
24356	0	0.39835376	0
24364	1	0.7359644	1
24368	0	0.0019020721	0
24371	0	0.0021484606	0
24375	0	0.2075754	0
24400	1	0.5137778	1
24424	1	0.84470665	1
24426	0	0.028060999	0
24433	0	0.35866708	0
24472	1	0.26318368	0
24478	0	0.6552366	1
24483	1	0.4826638	0
24484	1	0.52035916	1
24485	1	0.13701093	0
24486	1	0.4082577	0
24488	0	0.20561543	0
24501	0	0.29874152	0
24508	0	0.0650125	0
24540	1	0.41655725	0
24542	1	0.4557011	0
24555	0	0.5008801	1
24559	1	0.8685956	1
24578	1	0.26558408	0
24588	0	0.5715742	1
24603	0	0.21792586	0
24606	0	0.35250285	0
24621	1	0.85034865	1
24625	1	0.65922636	1
24626	1	0.29690817	0
24629	0	0.15414587	0
24631	1	0.09495991	0
24648	1	0.0019695116	0
24655	1	0.48887008	0
24668	1	0.73460543	1
24677	0	0.16212504	0
24720	0	0.4884975	0
24730	1	0.71508205	1
24732	1	0.67425215	1
24742	0	1.90486e-05	0
24744	0	0.5730967	1
24748	0	0.0046862243	0
24754	0	0.047911152	0
24756	0	0.5065009	1
24759	0	0.21322401	0
24761	0	0.13927417	0
24768	0	0.52252907	1
24771	1	0.96792275	1
24787	0	0.39648947	0
24794	1	0.6470821	1
24818	1	0.64688945	1
24824	1	0.27802244	0
24829	0	0.7712275	1
24847	0	0.07127283	0
24853	0	0.4139291	0
24855	0	0.3956168	0
24880	0	0.38475308	0
24881	0	0.5648633	1
24895	1	0.88839597	1
24896	1	0.67219925	1
24897	1	0.25521672	0
24899	1	0.22470061	0
24902	1	0.19819759	0
24921	1	0.34774932	0
24933	0	0.19517699	0
24968	1	0.44938722	0
25005	0	0.19517338	0
25024	0	0.385492	0
25066	1	0.11244457	0
25075	1	0.81716704	1
25081	1	0.8965805	1
25091	0	0.19622464	0
25095	0	0.68057805	1
25103	0	0.84902257	1
25113	0	0.3361869	0
25119	0	0.42919996	0
25130	1	0.25497267	0
25134	1	0.11136726	0
25135	1	0.36906633	0
25149	1	0.4101932	0
25163	0	0.009874628	0
25167	0	0.27688298	0
25179	1	0.48931688	0
25181	1	0.89578485	1
25182	1	0.7773732	1
25185	1	0.10329888	0
25189	1	0.009018443	0
25223	0	0.80335015	1
25245	1	0.4463537	0
25247	1	0.23955151	0
25252	1	0.6803843	1
25260	1	0.18519965	0
25263	1	0.6866214	1
25265	0	0.76587385	1
25284	0	0.72806275	1
25310	0	0.22801886	0
25344	0	0.26954663	0
25353	0	0.27670765	0
25357	0	0.508251	1
25370	0	0.00038387283	0
25382	1	0.6056241	1
25401	1	0.37928435	0
25404	1	0.52038145	1
25413	1	0.48964107	0
25448	0	0.5734036	1
25459	1	0.51155365	1
25472	1	0.6089445	1
25492	1	0.7963008	1
25501	1	0.86790746	1
25505	1	0.46553895	0
25510	0	0.2449448	0
25515	0	0.021829288	0
25526	0	0.4458384	0
25530	1	0.8782213	1
25549	0	0.023289375	0
25550	0	0.74923855	1
25557	1	0.026742257	0
25566	1	0.49047846	0
25571	0	0.08400746	0
25574	0	0.05727382	0
25578	0	0.28629336	0
25580	0	0.099408835	0
25583	0	0.36275807	0
25593	0	0.36772966	0
25602	1	0.51546323	1
25619	0	0.012956865	0
25636	0	0.51149726	1
25669	1	0.665132	1
25670	1	0.3369226	0
25672	1	0.605102	1
25693	0	0.0004951457	0
25704	0	0.09899434	0
25711	0	0.0005163786	0
25729	1	0.9334396	1
25734	1	0.21776913	0
25737	1	0.9685441	1
25738	1	0.6519692	1
25741	1	0.48824844	0
25748	1	0.60951555	1
25753	0	0.3201932	0
25787	1	0.2178414	0
25810	0	0.010038441	0
25813	0	0.19943802	0
25814	0	0.43158433	0
25828	1	0.51550645	1
25831	1	0.20355189	0
25854	1	0.69682384	1
25859	1	0.006015391	0
25862	1	0.7212193	1
25865	1	0.68270105	1
25868	1	0.5851336	1
25869	1	0.97080225	1
25872	1	0.5820621	1
25925	0	0.21562704	0
25932	0	0.25442818	0
25936	0	0.48164672	0
25937	0	0.75236475	1
25947	1	0.5415828	1
25948	0	0.54425555	1
25958	0	0.35056582	0
25997	0	0.12487894	0
26003	0	0.0007739991	0
26008	0	5.6395173e-05	0
26030	1	0.48224348	0
26031	1	0.4351732	0
26038	1	0.58938736	1
26059	0	0.04850661	0
26061	0	0.47233504	0
26069	0	0.63387156	1
26075	0	0.52553827	1
26087	1	0.44450653	0
26090	1	0.53261536	1
26100	1	0.5943449	1
26110	1	0.25185326	0
26113	0	0.41621238	0
26117	0	0.039813057	0
26136	1	0.26483297	0
26152	0	0.011738304	0
26154	0	0.3936828	0
26158	0	0.6541943	1
26160	0	0.33917534	0
26173	1	0.34409547	0
26175	1	0.6619406	1
26183	1	0.0969564	0
26191	0	0.6592673	1
26225	0	0.58891654	1
26226	0	0.351133	0
26234	1	0.49215773	0
26242	0	0.18612987	0
26243	0	0.63251996	1
26245	0	0.4538709	0
26251	0	0.30483958	0
26257	0	0.38809004	0
26259	0	0.2657953	0
26291	1	0.33170405	0
26294	1	0.37773043	0
26306	1	0.9160311	1
26315	1	0.49592987	0
26320	1	0.6598236	1
26330	1	0.8455547	1
26333	1	0.09514633	0
26360	0	0.11664604	0
26367	1	0.3374131	0
26388	1	0.557098	1
26390	0	0.37966004	0
26396	0	0.030649822	0
26428	1	0.44653356	0
26435	1	0.40647167	0
26437	1	0.46740222	0
26443	1	0.4314554	0
26451	0	0.1099735	0
26458	0	0.009389596	0
26468	0	0.6956096	1
26472	1	0.8250414	1
26480	0	0.0010308842	0
26481	0	0.49240172	0
26485	0	0.65007764	1
26489	0	0.34721947	0
26496	0	0.24865662	0
26512	1	0.47287485	0
26530	1	0.68309546	1
26531	1	0.870269	1
26535	0	0.53004175	1
26538	0	0.12494751	0
26540	0	0.47780836	0
26543	0	0.021363068	0
26552	0	0.20867121	0
26559	1	0.64081985	1
26568	0	0.6528994	1
26587	1	0.24850881	0
26595	0	0.590897	1
26599	0	0.023458736	0
26620	1	0.14742862	0
26642	1	0.38117385	0
26653	0	0.15766571	0
26663	0	0.23934026	0
26671	0	0.0010311784	0
26673	0	0.46269983	0
26680	0	0.7171679	1
26701	0	0.24062884	0
26711	0	0.31726724	0
26725	1	0.587318	1
26726	1	0.4685453	0
26730	0	0.15290284	0
26734	1	0.007555178	0
26738	1	0.37808806	0
26745	1	0.3674422	0
26749	1	0.7215928	1
26774	0	0.74618167	1
26776	0	0.8429241	1
26777	0	0.06532355	0
26780	0	0.42264003	0
26792	0	0.0044667255	0
26819	0	0.91332096	1
26836	1	0.44539252	0
26841	1	0.27683237	0
26848	1	0.6152725	1
26862	1	0.47424117	0
26873	0	0.74594694	1
26880	0	0.6528564	1
26884	0	0.39019242	0
26886	0	0.98317844	1
26904	0	0.5503805	1
26935	1	0.39224058	0
26941	0	0.009162304	0
26945	0	0.056732345	0
26946	0	0.35010347	0
26947	0	0.17340589	0
26971	0	0.45854303	0
26987	1	0.86029816	1
26988	0	0.35630488	0
26993	1	0.6456293	1
27000	0	0.21666992	0
27007	0	0.6650697	1
27021	1	0.5235133	1
27045	0	0.00979023	0
27046	0	0.32703167	0
27048	0	0.0075398404	0
27056	0	0.636446	1
27058	0	0.23328424	0
27081	1	0.9083809	1
27083	0	0.015565618	0
27088	0	0.49634984	0
27100	0	0.23459074	0
27107	1	0.7275794	1
27129	1	0.88603723	1
27148	1	0.58950347	1
27151	1	0.34598783	0
27169	1	0.0439106	0
27171	1	0.7014523	1
27201	0	0.5052267	1
27203	0	0.3034604	0
27237	1	0.56818783	1
27254	0	0.48047093	0
27256	0	0.3198856	0
27257	0	7.628594e-05	0
27261	0	0.6422918	1
27266	0	0.36177674	0
27272	0	0.30406362	0
27296	0	0.92209446	1
27311	0	0.04725365	0
27317	0	0.45931935	0
