3	0	0.5333747	1
12	1	0.05035908	0
35	1	0.36232087	0
43	0	0.62768143	1
60	0	0.54103774	1
70	0	0.25605905	0
83	1	0.26372343	0
84	1	0.50550646	1
108	0	0.4137902	0
121	1	0.85615784	1
122	1	0.23596315	0
149	1	0.14140393	0
164	1	0.99452114	1
176	0	0.20776217	0
178	0	0.5247206	1
179	0	0.4086351	0
185	0	0.41859797	0
200	1	0.13373215	0
218	0	0.0010229041	0
244	1	0.6291357	1
245	1	0.53061897	1
246	1	0.15657811	0
248	1	0.4612633	0
262	1	0.7540979	1
265	1	0.7217081	1
272	1	0.39099625	0
280	1	0.5013041	1
289	0	0.24776444	0
304	1	0.39702588	0
305	1	0.65416837	1
321	0	0.20624809	0
325	0	0.42490909	0
338	1	0.7009346	1
369	1	0.5308687	1
372	1	0.5482476	1
373	1	0.48794863	0
391	1	0.4610354	0
399	0	0.061144967	0
402	0	0.01073006	0
404	0	0.1886048	0
436	1	0.42652413	0
439	1	0.5407418	1
444	1	0.035980783	0
461	0	0.496413	0
474	0	0.11824624	0
490	1	0.59246576	1
491	1	0.32382342	0
501	0	0.014724704	0
510	0	0.06043281	0
539	1	0.3348673	0
547	0	0.32091382	0
566	0	0.4208356	0
569	1	0.37187105	0
572	1	0.42151597	0
573	1	0.5543908	1
574	1	0.34958342	0
585	1	0.66411793	1
599	0	0.41595486	0
657	1	0.82471836	1
666	0	0.36807302	0
669	1	0.21213177	0
674	1	0.9880014	1
677	0	0.57598895	1
683	1	0.4472587	0
686	1	0.84950113	1
707	1	0.3995161	0
710	1	0.44429812	0
729	1	0.86520225	1
740	1	0.3428079	0
748	1	0.47318962	0
767	1	0.66509575	1
781	1	0.3206344	0
794	0	0.081596054	0
797	0	0.6998038	1
837	1	0.2670897	0
848	1	0.6593257	1
855	1	0.0404021	0
860	1	0.23915112	0
883	0	0.25479975	0
886	0	0.14768463	0
899	0	0.4848222	0
906	0	0.053686436	0
913	0	0.20905083	0
921	1	0.50538576	1
924	1	0.57899547	1
937	1	0.6048614	1
941	1	0.53891975	1
944	1	0.49797878	0
946	1	0.15573771	0
961	1	0.39742273	0
963	1	0.7477102	1
971	1	0.34920895	0
982	0	0.13819498	0
1035	1	0.3822967	0
1038	1	0.19738261	0
1040	1	0.5927679	1
1046	1	0.31858355	0
1056	1	0.66554713	1
1059	1	0.27881342	0
1060	0	0.1962242	0
1089	1	0.9670866	1
1107	0	0.020369757	0
1108	0	0.00010459015	0
1119	0	0.46742797	0
1121	0	0.0027895535	0
1122	0	0.12245169	0
1130	1	0.2706667	0
1136	1	0.65176046	1
1137	1	0.4823139	0
1145	0	0.26502216	0
1167	0	0.045877647	0
1194	0	0.5275615	1
1215	0	0.25857484	0
1227	0	0.22867309	0
1277	1	0.67216235	1
1290	0	0.4386687	0
1307	1	0.90740836	1
1308	1	0.99859303	1
1318	1	0.41611826	0
1335	1	0.54710835	1
1338	1	0.7196044	1
1341	1	0.92411196	1
1351	0	0.48364466	0
1360	0	0.42517906	0
1373	1	0.57647896	1
1377	1	0.4750918	0
1381	1	0.85416764	1
1404	1	0.620914	1
1420	1	0.5613234	1
1426	0	0.854363	1
1434	1	0.32824966	0
1435	1	0.647845	1
1439	1	0.5185233	1
1457	1	0.5885955	1
1469	1	0.24997056	0
1473	1	0.42770627	0
1476	1	0.33959505	0
1487	0	0.7180598	1
1497	0	0.09248309	0
1500	0	0.21089299	0
1507	1	0.924875	1
1508	1	0.6726964	1
1519	1	0.39353293	0
1525	0	0.095952354	0
1533	1	0.27672216	0
1540	0	0.47159344	0
1557	0	0.1669447	0
1573	0	0.6113069	1
1616	0	0.16759059	0
1621	0	0.76005936	1
1626	0	0.028761813	0
1628	0	0.50233585	1
1657	0	0.571626	1
1672	1	0.40607452	0
1710	0	0.29667956	0
1712	0	0.48687488	0
1713	0	0.47469443	0
1721	1	0.27989346	0
1726	1	0.30657476	0
1736	1	0.54821414	1
1760	0	0.73910576	1
1770	0	0.35306326	0
1783	1	0.5492626	1
1791	1	0.99143714	1
1802	1	0.22106433	0
1804	1	0.6074272	1
1817	1	0.5961511	1
1822	1	0.4348728	0
1878	1	0.6321627	1
1883	1	0.29983068	0
1894	0	0.09406651	0
1896	0	0.29354888	0
1900	0	0.41579205	0
1902	0	0.11160098	0
1905	0	0.44207805	0
1909	0	0.14411788	0
1917	0	0.50222236	1
1937	1	0.29412332	0
1945	1	0.4818115	0
1946	0	0.47329524	0
1981	0	0.59414965	1
1983	0	0.27354965	0
1990	0	0.35868925	0
1994	1	0.77929574	1
1998	1	0.4831761	0
2009	1	0.46303946	0
2010	1	0.5814604	1
2027	1	0.39968547	0
2047	0	0.5129889	1
2049	0	0.5023742	1
2053	0	0.47180638	0
2063	0	0.61937135	1
2083	0	0.760403	1
2084	0	0.011097516	0
2093	0	0.5223424	1
2110	0	0.42956042	0
2115	1	0.5008133	1
2124	1	0.3936142	0
2130	1	0.5614206	1
2133	1	0.92600304	1
2142	1	0.9639008	1
2148	1	0.32459673	0
2157	0	0.56740344	1
2182	0	0.05966077	0
2187	0	0.060256436	0
2188	0	0.339536	0
2190	0	0.3319898	0
2195	0	0.3096181	0
2213	1	0.34490645	0
2229	1	0.9872104	1
2246	0	0.3874508	0
2265	0	0.55882114	1
2280	0	0.5338413	1
2297	0	0.6143964	1
2298	0	0.31140494	0
2300	0	0.53521824	1
2325	1	0.70727557	1
2328	1	0.9838754	1
2329	1	0.35000968	0
2334	1	0.5144649	1
2348	1	0.6621865	1
2349	1	0.099917136	0
2358	1	0.20283224	0
2365	0	0.5296827	1
2395	1	0.70729405	1
2400	1	0.5762088	1
2415	1	0.6243001	1
2424	1	0.3734218	0
2429	0	0.009874885	0
2451	1	0.15610087	0
2466	0	0.46779165	0
2471	0	0.24771097	0
2502	0	0.3973677	0
2523	0	0.53265554	1
2534	0	0.49917507	0
2535	0	0.19609722	0
2538	0	0.69693893	1
2564	0	0.021332063	0
2583	0	0.4341144	0
2594	0	0.011530416	0
2602	0	0.5276104	1
2604	0	0.284847	0
2620	1	0.5475019	1
2622	1	0.4553106	0
2624	1	0.6614754	1
2628	0	0.18122138	0
2632	0	0.19035602	0
2634	0	0.81090367	1
2649	1	0.6799721	1
2656	1	0.35675892	0
2665	0	0.508046	1
2673	1	0.24298088	0
2677	1	0.6501304	1
2680	1	0.79732466	1
2704	1	0.5841212	1
2737	0	0.40098554	0
2762	0	0.43198478	0
2793	0	0.2760312	0
2806	0	0.0021217654	0
2817	0	0.011535558	0
2818	0	0.5176411	1
2820	0	0.6193507	1
2832	1	0.8573912	1
2846	1	0.92476815	1
2857	1	0.75285685	1
2880	0	0.010520783	0
2884	0	0.016804632	0
2895	0	0.28944948	0
2903	0	0.39625886	0
2911	0	0.16872509	0
2913	0	0.10536404	0
2914	0	0.2225794	0
2929	0	0.5350386	1
2946	1	0.24123651	0
2950	1	0.36128068	0
2958	1	0.2654496	0
2967	1	0.3720868	0
2996	0	0.3039098	0
3001	1	0.4383877	0
3003	1	0.7211894	1
3020	0	0.38118586	0
3040	0	0.4955517	0
3054	0	0.6799999	1
3065	0	0.0074345064	0
3070	1	0.6193099	1
3076	1	0.4544924	0
3082	1	0.67312384	1
3098	1	0.2982882	0
3117	0	0.49960193	0
3130	1	0.50293267	1
3153	0	0.111190796	0
3158	1	0.17744267	0
3160	1	0.70733166	1
3161	1	0.20092326	0
3162	1	0.95169437	1
3176	1	0.4011456	0
3179	1	0.2683982	0
3180	1	0.653809	1
3182	1	0.67251694	1
3183	0	0.22408386	0
3184	1	0.9545369	1
3205	1	0.2714119	0
3211	0	0.29587314	0
3227	1	0.44142064	0
3228	1	0.9331955	1
3236	1	0.6623866	1
3237	1	0.34647903	0
3256	0	0.81760645	1
3266	0	0.07352817	0
3274	0	0.78328174	1
3278	1	0.42209807	0
3279	1	0.38374087	0
3288	1	0.14848419	0
3290	0	0.31831786	0
3293	1	0.77826387	1
3320	1	0.79624563	1
3322	1	0.35721645	0
3327	1	0.23903695	0
3330	0	0.027054468	0
3333	0	0.13937809	0
3348	0	0.6812513	1
3375	1	0.685328	1
3392	1	0.37649384	0
3394	1	0.33886468	0
3397	1	0.32743734	0
3398	1	0.4584068	0
3399	1	0.5406087	1
3401	1	0.1489015	0
3416	0	0.0042236587	0
3440	0	0.04537702	0
3449	0	0.38207784	0
3452	0	0.17488648	0
3456	1	0.5460232	1
3460	1	0.44780484	0
3476	1	0.7738738	1
3484	1	0.009809368	0
3499	1	0.49915433	0
3502	1	0.4487629	0
3513	0	0.095544584	0
3517	0	0.35966378	0
3521	0	0.10187567	0
3540	1	0.51824325	1
3551	1	0.57190746	1
3555	1	0.63685954	1
3561	1	0.48376238	0
3582	1	0.5468051	1
3596	1	0.71651524	1
3598	1	0.8845709	1
3602	1	0.48869044	0
3610	1	0.3989434	0
3611	1	0.61482966	1
3621	1	0.5951272	1
3634	1	0.42450613	0
3658	0	0.36886126	0
3681	1	0.8411569	1
3691	1	0.5700615	1
3714	1	0.688599	1
3721	1	0.40589872	0
3722	1	0.6034869	1
3731	1	0.6367509	1
3743	0	0.44501767	0
3748	0	0.41626364	0
3755	0	0.33165133	0
3763	0	0.41858912	0
3766	0	0.048088375	0
3770	0	0.00041881882	0
3778	0	0.5436068	1
3795	0	0.14957833	0
3811	0	0.1935225	0
3815	0	0.5268586	1
3824	1	0.55044645	1
3832	0	0.27451795	0
3834	0	0.1990509	0
3838	0	0.23666485	0
3845	0	0.61014915	1
3901	0	0.52416694	1
3913	1	0.6376515	1
3920	0	0.113120034	0
3924	0	0.14016698	0
3926	0	0.8564262	1
3933	0	0.11188149	0
3946	0	0.28415817	0
3956	1	0.22140685	0
3960	1	0.41383052	0
3970	1	0.39239976	0
3971	0	0.6107382	1
3977	1	0.53504795	1
3984	1	0.4916912	0
3988	1	0.40961975	0
4006	1	0.33939275	0
4009	1	0.73720276	1
4017	1	0.6690392	1
4025	0	0.013361369	0
4029	1	0.6667071	1
4041	1	0.48367122	0
4062	1	0.62536085	1
4064	1	0.39894193	0
4070	1	0.6108762	1
4080	1	0.25708452	0
4091	1	0.25680807	0
4093	1	0.8299056	1
4095	1	0.4284834	0
4104	0	0.09257446	0
4141	1	0.97293425	1
4159	1	0.6882975	1
4165	1	0.6904663	1
4166	1	0.19095531	0
4173	0	0.28529355	0
4178	0	0.77934414	1
4196	0	0.2720278	0
4198	0	0.5582675	1
4209	0	0.7653475	1
4211	0	0.55524075	1
4213	0	0.5066804	1
4217	0	0.12345363	0
4218	0	0.04682681	0
4221	0	0.33473226	0
4253	1	0.57796127	1
4255	1	0.50196636	1
4256	1	0.04626228	0
4260	0	0.45267397	0
4306	0	0.44526398	0
4307	0	0.602805	1
4315	0	0.57700175	1
4337	0	0.80977476	1
4341	0	0.5629298	1
4344	0	0.43857273	0
4360	1	0.6040682	1
4362	1	0.37937802	0
4385	1	0.91890186	1
4389	0	0.68184084	1
4411	0	0.53474605	1
4440	0	0.1371232	0
4479	0	0.2645139	0
4488	0	0.07378033	0
4519	1	0.6721711	1
4521	1	0.16303533	0
4524	0	0.5080602	1
4539	1	0.2857304	0
4540	0	0.7651196	1
4551	0	0.3865495	0
4555	0	0.22319359	0
4556	0	0.0086815115	0
4563	0	0.4057325	0
4569	0	0.8109385	1
4570	0	0.01582217	0
4571	0	0.02045173	0
4607	0	0.03247181	0
4609	0	0.36405507	0
4610	0	0.4657914	0
4611	0	0.24785995	0
4615	0	0.62748367	1
4639	1	0.42342654	0
4645	1	0.11023855	0
4668	1	0.50045705	1
4681	0	0.4437036	0
4685	0	0.28263658	0
4697	1	0.32733673	0
4698	0	0.7057847	1
4718	0	0.43604404	0
4760	1	0.55612093	1
4761	1	0.48723218	0
4762	0	0.26186067	0
4766	1	0.7518729	1
4768	1	0.6266403	1
4769	1	0.5167448	1
4770	1	0.24343905	0
4781	1	0.47616607	0
4798	1	0.65673256	1
4800	0	0.39087346	0
4801	1	0.6263148	1
4815	1	0.5439361	1
4835	0	0.42655966	0
4842	0	0.23452242	0
4849	0	0.16153753	0
4873	0	0.32729268	0
4874	1	0.98058057	1
4879	0	0.2974977	0
4892	0	0.027337201	0
4893	0	0.3194512	0
4896	0	0.7967152	1
4899	0	0.16113259	0
4924	0	0.42803624	0
4961	0	0.3930736	0
4995	1	0.5099925	1
5035	0	0.19588988	0
5044	0	0.1339421	0
5054	0	0.17005359	0
5060	1	0.45374563	0
5071	1	0.8641888	1
5093	0	0.3296351	0
5099	0	0.18644708	0
5102	0	0.29962283	0
5104	0	0.33550343	0
5121	1	0.07058945	0
5129	1	0.2055484	0
5138	1	0.37318853	0
5146	1	0.29651788	0
5171	1	0.42700765	0
5172	1	0.23208353	0
5174	1	0.746361	1
5190	1	0.45058888	0
5191	1	0.13613811	0
5198	0	0.4501279	0
5201	0	0.113410495	0
5219	0	0.26494563	0
5222	0	0.43701115	0
5229	0	0.3522719	0
5250	0	0.011080606	0
5263	1	0.24197784	0
5277	1	0.6643283	1
5281	0	0.3362848	0
5283	0	0.5094904	1
5298	0	0.050537996	0
5304	0	0.25787377	0
5306	0	0.41267335	0
5308	1	0.43563408	0
5314	1	0.41316435	0
5327	1	0.1715803	0
5353	0	0.5458605	1
5356	0	0.72492224	1
5357	0	0.5225288	1
5361	1	0.35963854	0
5381	0	0.19826564	0
5386	0	0.23233643	0
5408	1	0.46586773	0
5416	0	0.760662	1
5429	1	0.454794	0
5430	1	0.64237905	1
5437	1	0.56415915	1
5452	1	0.4366341	0
5457	0	0.53241575	1
5482	0	0.54591185	1
5490	1	0.9134764	1
5500	1	0.21911469	0
5508	1	0.28047615	0
5509	1	0.2810433	0
5539	0	0.39724317	0
5567	0	0.543025	1
5581	0	0.433414	0
5582	0	0.88494354	1
5587	0	0.5918139	1
5607	1	0.43773335	0
5617	0	0.30125448	0
5621	1	0.9197679	1
5624	1	0.36673605	0
5630	1	0.38132387	0
5646	0	0.23800421	0
5670	0	0.6713935	1
5672	0	0.2063405	0
5673	0	0.5590845	1
5676	0	0.2107277	0
5694	0	0.46501333	0
5707	0	0.44613582	0
5718	1	0.8349285	1
5731	1	0.29993153	0
5754	1	0.34788015	0
5755	1	0.2649903	0
5762	0	0.55965865	1
5767	1	0.33243787	0
5781	1	0.85384303	1
5789	1	0.28591886	0
5797	1	0.7157826	1
5810	0	0.21670286	0
5820	0	0.5962981	1
5826	0	0.3377421	0
5834	1	0.82312036	1
5837	1	0.059195124	0
5845	1	0.27245057	0
5846	1	0.41030177	0
5855	1	0.99964094	1
5864	1	0.4999498	0
5875	0	0.37986875	0
5899	0	0.20473506	0
5905	1	0.74233216	1
5908	1	0.3859692	0
5920	1	0.9470934	1
5931	1	0.47985905	0
5962	1	0.9412899	1
5963	1	0.81112576	1
5965	1	0.48984355	0
5981	1	0.44885895	0
6007	0	0.6201149	1
6008	0	0.54129887	1
6025	1	0.6246004	1
6032	0	0.31382388	0
6033	0	0.027075274	0
6043	0	0.21698843	0
6063	0	0.52015924	1
6069	0	0.28126353	0
6092	0	0.030567061	0
6098	0	0.39398512	0
6103	1	0.288039	0
6108	1	0.51173127	1
6112	1	0.6236566	1
6125	1	0.2157947	0
6140	0	0.16832313	0
6160	1	0.5913831	1
6165	1	0.58432305	1
6186	0	0.60110474	1
6189	0	0.30074906	0
6193	0	0.6060031	1
6196	0	0.3786665	0
6206	1	0.25661618	0
6217	1	0.9869386	1
6241	0	0.6054246	1
6243	0	0.6341933	1
6251	0	0.45838085	0
6272	1	0.23214474	0
6277	0	0.6268966	1
6293	0	0.4697657	0
6307	1	0.6000319	1
6335	1	0.8951177	1
6346	1	0.93515396	1
6374	1	0.25616544	0
6385	1	0.6218584	1
6408	0	0.081765644	0
6432	1	0.78484994	1
6452	0	0.6286177	1
6455	1	0.08748663	0
6486	1	0.4760033	0
6489	1	0.51044506	1
6500	1	0.50884014	1
6507	1	0.3567988	0
6509	1	0.3157899	0
6519	1	0.5999204	1
6524	0	0.44986883	0
6532	0	0.61949044	1
6535	0	0.6541825	1
6543	1	0.77701044	1
6545	1	0.46025097	0
6547	1	0.78243387	1
6556	1	0.5082916	1
6575	1	0.70935136	1
6577	1	0.6597972	1
6580	0	0.0020345876	0
6594	0	0.32944754	0
6605	0	0.56598556	1
6622	0	0.61686903	1
6628	1	0.56112564	1
6635	1	0.1672026	0
6641	1	0.36068937	0
6646	1	0.25787097	0
6650	1	0.13052846	0
6670	1	0.595259	1
6674	1	0.6111787	1
6685	1	0.5606274	1
6699	1	0.20577954	0
6708	0	0.6234242	1
6727	1	0.31593958	0
6753	0	0.10407388	0
6763	1	0.47879604	0
6775	1	0.5943914	1
6778	1	0.9036463	1
6801	0	0.53087234	1
6816	1	0.394085	0
6829	0	0.49727255	0
6838	0	0.50224084	1
6844	0	0.0060722795	0
6852	0	0.039614994	0
6867	0	0.5712122	1
6879	0	0.3734581	0
6891	1	0.5848318	1
6919	0	0.02774821	0
6927	0	0.14083087	0
6935	0	0.32222185	0
6946	1	0.42521167	0
6951	1	0.45364386	0
6953	1	0.7502119	1
6956	1	0.27931902	0
6972	1	0.6060165	1
6997	0	0.59043425	1
6999	1	0.499404	0
7004	1	0.6044245	1
7017	0	0.21068032	0
7019	0	0.7557045	1
7027	0	0.3405505	0
7033	0	0.024224808	0
7048	1	0.58488697	1
7066	0	0.0031629363	0
7069	0	0.6269179	1
7099	0	0.37250227	0
7105	0	0.43669206	0
7109	0	0.3527749	0
7111	0	0.42162788	0
7119	0	0.1980235	0
7122	0	0.17316616	0
7125	1	0.4955196	0
7130	1	0.5263354	1
7150	1	0.19479296	0
7168	1	0.42638725	0
7174	1	0.72835773	1
7177	0	0.72067994	1
7191	1	0.47591624	0
7204	1	0.5067931	1
7213	0	0.7194402	1
7222	0	0.591718	1
7243	1	0.5604553	1
7267	1	0.37352952	0
7269	1	0.683639	1
7315	0	0.5161164	1
7324	0	0.21116251	0
7326	0	0.70328575	1
7327	0	0.33131304	0
7332	0	0.3553986	0
7334	0	0.24812436	0
7347	1	0.46012032	0
7351	1	0.42790204	0
7360	0	0.195776	0
7380	0	0.2820506	0
7393	1	0.9087782	1
7398	1	0.32750615	0
7420	0	0.13004135	0
7428	0	0.26730797	0
7430	0	0.2897705	0
7448	0	0.41640335	0
7449	0	0.606135	1
7458	0	0.6399629	1
7462	0	0.4836627	0
7471	0	0.57839304	1
7472	0	0.46475172	0
7480	0	0.4248116	0
7481	0	0.37314624	0
7490	0	0.5090989	1
7491	0	0.70996124	1
7498	0	0.0985189	0
7521	1	0.31355545	0
7556	0	0.5509136	1
7558	0	0.55625874	1
7579	0	0.67527014	1
7590	1	0.38496035	0
7596	1	0.8412863	1
7598	0	0.69794375	1
7609	0	0.366088	0
7622	1	0.40065128	0
7649	0	0.65130186	1
7651	0	0.5065863	1
7654	1	0.43005556	0
7659	0	0.58584404	1
7662	1	0.7493499	1
7666	1	0.5038117	1
7670	1	0.66660404	1
7696	1	0.25049317	0
7716	0	0.51070505	1
7729	0	0.31410652	0
7732	1	0.21186388	0
7749	0	0.066520445	0
7754	0	0.3637766	0
7761	0	0.4346675	0
7762	0	0.13542505	0
7766	0	0.33553198	0
7777	0	0.16782208	0
7779	0	0.43516624	0
7780	0	0.17667794	0
7782	0	0.45120022	0
7808	0	0.59440136	1
7814	0	0.91257316	1
7828	0	0.03186643	0
7834	0	0.3308432	0
7852	0	0.45477605	0
7854	0	0.6494278	1
7866	0	0.14954686	0
7869	0	0.026089136	0
7873	0	0.26203963	0
7874	0	0.01169058	0
7881	1	0.8520078	1
7882	1	0.41568023	0
7885	1	0.83560306	1
7892	1	0.49667335	0
7893	1	0.8715666	1
7916	1	0.24047002	0
7925	0	0.47028875	0
7936	0	0.086021185	0
7967	0	0.65111107	1
7972	0	0.31513065	0
7977	0	0.42394397	0
7980	0	0.35030177	0
7982	1	0.19355246	0
7992	0	0.3797489	0
8010	0	0.2913807	0
8018	0	0.16334915	0
8021	1	0.48645878	0
8046	0	0.36314338	0
8049	0	0.4069901	0
8071	0	0.90765774	1
8085	0	0.43664303	0
8103	1	0.6503745	1
8105	1	0.51556957	1
8111	1	0.4535605	0
8112	0	0.41907755	0
8124	1	0.4792087	0
8130	1	0.770402	1
8134	0	0.49461097	0
8145	0	0.4251135	0
8154	1	0.74885213	1
8155	1	0.2143961	0
8157	1	0.4928429	0
8158	1	0.18209893	0
8169	1	0.5103842	1
8171	1	0.48372075	0
8181	0	0.20178334	0
8197	0	0.01713796	0
8199	0	0.5080398	1
8208	1	0.8642836	1
8209	1	0.50558525	1
8211	0	0.60250103	1
8217	1	0.5229821	1
8221	1	0.471879	0
8241	0	0.66351306	1
8247	0	0.1727213	0
8254	0	0.5017489	1
8271	0	0.4245459	0
8273	0	0.39395958	0
8291	0	0.28902408	0
8296	0	0.051841117	0
8313	0	0.48361257	0
8340	0	0.42577073	0
8357	1	0.7417619	1
8370	0	0.33285892	0
8380	0	0.0043983436	0
8409	0	0.46009022	0
8412	1	0.36065298	0
8425	0	0.5242189	1
8431	1	0.84312665	1
8435	1	0.47400153	0
8447	1	0.6769775	1
8457	1	0.40669656	0
8466	1	0.5275476	1
8482	0	0.36954325	0
8487	0	0.49393508	0
8518	1	0.3030396	0
8522	1	0.55637854	1
8526	1	0.39234576	0
8534	0	0.6125862	1
8543	1	0.42837444	0
8565	0	0.0100237485	0
8568	0	0.73760873	1
8577	1	0.6500916	1
8592	1	0.49642378	0
8617	0	0.39692363	0
8673	0	0.48500317	0
8707	1	0.3918654	0
8720	1	0.46266553	0
8755	0	0.61470616	1
8793	1	0.24541865	0
8794	1	0.75631493	1
8815	1	0.39607272	0
8825	0	0.54063314	1
8835	0	0.4023996	0
8846	0	0.75219744	1
8855	0	0.05119828	0
8858	0	0.42175147	0
8866	0	0.3020085	0
8878	0	0.5014871	1
8900	1	0.45310664	0
8901	1	0.3995774	0
8903	1	0.32230243	0
8927	0	0.44886997	0
8931	0	0.19618346	0
8946	0	0.47689593	0
8949	0	0.017044134	0
8955	0	0.3672717	0
8963	0	0.1823183	0
8970	0	0.08190806	0
8988	0	0.50403845	1
9025	1	0.4128939	0
9036	0	0.51916134	1
9038	0	0.5375398	1
9039	0	0.7784881	1
9047	0	0.42938647	0
9049	0	0.54455835	1
9055	0	0.72765213	1
9067	0	0.0023453503	0
9072	0	0.5196881	1
9087	1	0.40041324	0
9091	1	0.6954279	1
9094	0	0.24111697	0
9095	1	0.03451762	0
9101	1	0.18538621	0
9106	1	0.5569757	1
9109	1	0.41394404	0
9122	1	0.5660256	1
9134	0	0.5119025	1
9150	1	0.2852669	0
9162	1	0.51447576	1
9172	1	0.4889955	0
9174	1	0.5766771	1
9176	1	0.44220093	0
9178	1	0.59315956	1
9189	1	0.6744434	1
9193	1	0.5063581	1
9210	0	0.54876477	1
9215	0	0.49419323	0
9225	0	0.23321621	0
9231	1	0.47408646	0
9238	0	0.005850091	0
9246	0	0.94842625	1
9255	0	0.052332863	0
9258	0	0.55484235	1
9260	0	0.40358928	0
9282	0	0.79277074	1
9283	1	0.6390567	1
9301	1	0.6079644	1
9330	1	0.4132193	0
9343	0	0.6076428	1
9347	1	0.6639033	1
9349	1	0.54148334	1
9351	1	0.5261462	1
9352	1	0.8167919	1
9366	1	0.4707321	0
9399	1	0.95994246	1
9418	1	0.48814636	0
9434	1	0.31944793	0
9435	1	0.5657185	1
9437	1	0.74648345	1
9443	1	0.8640605	1
9445	1	0.4883096	0
9457	1	0.30207142	0
9482	0	0.616085	1
9508	1	0.6570115	1
9509	1	0.37197495	0
9510	1	0.33970279	0
9516	1	0.57813066	1
9528	1	0.11694671	0
9533	0	0.08781666	0
9546	0	0.1398401	0
9548	0	0.75596815	1
9574	0	0.9115612	1
9576	0	0.22854573	0
9584	0	0.6300394	1
9598	1	0.72199553	1
9607	1	0.49576193	0
9616	1	0.16946903	0
9619	0	0.2823723	0
9629	0	0.4182999	0
9630	0	0.24734649	0
9639	0	0.45234334	0
9643	0	0.6064365	1
9647	0	0.4304726	0
9650	1	0.5334241	1
9651	1	0.4929635	0
9670	0	0.61829793	1
9683	0	0.32139754	0
9706	0	0.39157745	0
9707	0	0.57877505	1
9709	0	0.15906964	0
9721	1	0.38403025	0
9722	1	0.39410064	0
9727	0	0.40622264	0
9744	0	0.5894736	1
9754	0	0.023040392	0
9761	1	0.6919351	1
9772	1	0.37437564	0
9781	1	0.5217318	1
9787	1	0.42097643	0
9789	1	0.31297922	0
9805	0	0.4940249	0
9817	0	0.5219834	1
9842	1	0.38625744	0
9845	1	0.16481486	0
9846	1	0.771508	1
9864	0	0.6803539	1
9870	0	0.054079033	0
9896	0	0.5031259	1
9913	1	0.7101382	1
9922	1	0.2041128	0
9929	1	0.81846666	1
9934	1	0.58516425	1
9943	0	0.6100207	1
9956	0	0.21748352	0
9961	0	0.042865675	0
9977	0	0.13995166	0
10000	0	0.13050908	0
10026	0	0.061472613	0
10049	0	0.33212468	0
10055	0	0.45946988	0
10064	0	0.3971147	0
10081	0	0.39366415	0
10104	1	0.17723882	0
10128	0	0.19852294	0
10161	0	0.6670059	1
10175	0	0.6167427	1
10180	1	0.8041394	1
10190	0	0.21754414	0
10192	0	0.49281523	0
10194	0	0.8557951	1
10213	0	0.4849032	0
10233	0	0.5889536	1
10244	0	0.5037104	1
10253	0	0.07806185	0
10266	0	0.32618207	0
10268	0	0.04349359	0
10269	0	0.3339137	0
10278	0	0.29665723	0
10282	0	0.22021383	0
10291	0	0.37337664	0
10295	0	0.63356566	1
10308	0	0.098083034	0
10316	0	0.03289703	0
10322	0	0.24933062	0
10327	0	0.3284121	0
10333	0	0.61015564	1
10338	0	0.5498691	1
10351	1	0.4660447	0
10355	1	0.53913945	1
10364	0	0.03066823	0
10370	0	0.12239902	0
10374	0	0.5370843	1
10385	0	0.37228936	0
10406	1	0.5429262	1
10410	0	0.20283349	0
10414	1	0.3149472	0
10416	1	0.36019152	0
10429	0	0.0070209345	0
10449	0	0.5233186	1
10478	0	0.27477872	0
10480	0	0.08180897	0
10485	0	0.39254105	0
10498	0	0.3311077	0
10502	1	0.48826015	0
10504	1	0.29197672	0
10513	0	0.44878882	0
10520	1	0.371443	0
10539	0	0.46004742	0
10547	0	0.38517883	0
10554	0	0.61950696	1
10556	0	0.5633286	1
10564	0	0.1878822	0
10583	0	0.2819865	0
10594	1	0.29675195	0
10609	1	0.32292512	0
10620	0	0.19516279	0
10640	1	0.47455618	0
10648	1	0.8345566	1
10665	1	0.6479827	1
10670	1	0.6385013	1
10671	1	0.46328464	0
10672	1	0.9109731	1
10699	1	0.45152414	0
10721	0	0.31366554	0
10723	1	0.8202904	1
10727	1	0.7745374	1
10730	1	0.39028087	0
10735	1	0.48881245	0
10738	0	0.5369414	1
10741	1	0.5091984	1
10744	1	0.951107	1
10750	0	0.5653579	1
10765	0	0.8851131	1
10767	0	0.29329586	0
10772	1	0.47941917	0
10773	1	0.55285287	1
10801	1	0.6186896	1
10836	1	0.5620374	1
10842	1	0.52989805	1
10847	1	0.57580936	1
10849	1	0.97892684	1
10857	1	0.6424805	1
10868	1	0.63623834	1
10869	1	0.29755348	0
10875	0	0.18912034	0
10877	0	0.12081911	0
10899	0	0.5998452	1
10914	1	0.41481608	0
10950	0	0.41187838	0
10962	1	0.3026019	0
10971	1	0.75533694	1
10974	1	0.4507158	0
10982	0	0.39493406	0
10984	0	0.72480094	1
10992	0	0.26354	0
10999	0	0.17811246	0
11016	0	0.08795584	0
11026	0	0.48365003	0
11046	1	0.7303326	1
11070	1	0.59461904	1
11080	0	0.46378118	0
11084	0	0.44445306	0
11113	1	0.31548354	0
11117	1	0.24108155	0
11126	0	0.00837005	0
11127	0	0.5676987	1
11128	0	0.25261334	0
11140	0	0.5848523	1
11141	0	0.4303057	0
11142	0	0.6342582	1
11143	0	0.3335845	0
11167	0	0.43291393	0
11193	1	0.44962016	0
11202	1	0.98247683	1
11235	1	0.58132243	1
11268	0	0.6717761	1
11303	0	0.45364577	0
11316	0	0.34635562	0
11328	1	0.17003052	0
11334	1	0.3845393	0
11359	1	0.5166905	1
11361	1	0.60953265	1
11368	1	0.48382097	0
11381	1	0.5379444	1
11383	1	0.70781416	1
11400	0	0.6517785	1
11423	0	0.6080274	1
11427	0	0.569118	1
11428	0	0.4558691	0
11433	1	0.6571214	1
11439	1	0.43393856	0
11444	0	0.53978467	1
11449	1	0.5557953	1
11455	1	0.5023946	1
11468	0	0.25857657	0
11488	1	0.5201009	1
11501	1	0.5634793	1
11516	1	0.51872265	1
11524	1	0.6571932	1
11527	0	0.26789948	0
11529	0	0.5073377	1
11535	0	0.34077427	0
11543	1	0.4802719	0
11546	1	0.9884432	1
11553	0	0.51633185	1
11566	1	0.18673563	0
11592	0	0.24644071	0
11608	0	0.6673301	1
11624	0	0.24232356	0
11631	0	0.04799147	0
11635	0	0.38490114	0
11641	0	0.67318195	1
11642	0	0.41165635	0
11646	1	0.5913208	1
11662	0	0.9734683	1
11665	0	0.529401	1
11674	0	0.35542813	0
11685	0	0.17594545	0
11712	1	0.57491475	1
11714	1	0.23854384	0
11742	1	0.41416422	0
11748	1	0.55627924	1
11749	1	0.97733134	1
11781	0	0.051700424	0
11793	0	0.53156626	1
11795	0	0.35032722	0
11806	1	0.53670686	1
11810	1	0.4004886	0
11813	1	0.68615746	1
11833	0	0.8391653	1
11834	0	0.5503819	1
11840	0	0.048123226	0
11843	0	0.4632555	0
11844	0	0.47464553	0
11852	0	0.52072597	1
11853	0	0.17401272	0
11854	0	0.3291912	0
11861	1	0.7181974	1
11865	1	0.54258245	1
11877	1	0.3563455	0
11885	1	0.57196146	1
11911	0	0.66920084	1
11919	0	0.34749934	0
11933	1	0.75511676	1
11936	1	0.42762655	0
11957	0	0.5135734	1
11958	0	0.4478456	0
11969	0	0.010715709	0
11975	0	0.55561364	1
11978	1	0.52783036	1
11979	1	0.6301399	1
11980	1	0.7297216	1
11983	0	0.5494186	1
11985	1	0.38511154	0
11988	1	0.4408232	0
11998	1	0.46293786	0
12023	0	0.6593702	1
12026	0	0.39760438	0
12036	0	0.3792891	0
12038	0	0.648288	1
12075	1	0.24234092	0
12079	1	0.5462537	1
12083	1	0.4981089	0
12086	1	0.7823265	1
12095	1	0.53479505	1
12099	0	0.56466806	1
12106	0	0.65622926	1
12111	0	0.008063784	0
12130	0	0.36688793	0
12133	0	0.57966155	1
12134	0	0.019271096	0
12142	0	0.8236828	1
12145	0	0.40862864	0
12182	1	0.39022455	0
12190	0	0.115373425	0
12192	0	0.682734	1
12200	1	0.6404851	1
12205	1	0.93721974	1
12215	1	0.7987725	1
12216	1	0.28182247	0
12243	1	0.55640656	1
12245	1	0.794013	1
12255	1	0.4861955	0
12257	1	0.3972287	0
12273	1	0.52580106	1
12278	1	0.448053	0
12281	1	0.5722094	1
12305	0	0.39350075	0
12307	0	0.2862012	0
12314	0	0.16645041	0
12320	0	0.8585002	1
12326	0	0.28353018	0
12329	0	0.27590013	0
12347	1	0.36384633	0
12353	0	0.82285655	1
12357	0	0.14428432	0
12362	0	0.68068564	1
12365	0	0.49559668	0
12367	0	0.56441605	1
12376	0	0.6418179	1
12377	0	0.0070183487	0
12378	0	0.23907754	0
12383	0	0.4077894	0
12384	0	0.15836667	0
12395	0	0.21981172	0
12402	0	0.43447167	0
12409	1	0.58895445	1
12412	0	0.07207913	0
12429	1	0.56713057	1
12434	0	0.35809588	0
12451	0	0.8700783	1
12452	0	0.57567525	1
12470	0	0.4031217	0
12477	0	0.46276072	0
12493	1	0.5685129	1
12499	1	0.54268116	1
12544	0	0.6165112	1
12545	0	0.020264529	0
12548	1	0.89234054	1
12556	0	0.370046	0
12558	1	0.46452603	0
12585	1	0.40847367	0
12596	1	0.317433	0
12607	1	0.38134682	0
12616	0	0.7707199	1
12624	0	0.20995368	0
12635	0	0.4938979	0
12642	0	0.011456829	0
12645	0	0.3125282	0
12663	0	0.26339844	0
12667	0	0.26658508	0
12668	0	0.0008117673	0
12672	0	0.41605222	0
12686	0	0.11202205	0
12701	0	0.5364578	1
12704	0	0.3238281	0
12710	0	0.54353267	1
12724	0	0.02658097	0
12730	0	0.49806288	0
12741	0	0.34416506	0
12777	0	0.21323581	0
12780	1	0.13758422	0
12785	1	0.18703152	0
12786	1	0.6946712	1
12787	1	0.39552853	0
12789	1	0.16086924	0
12799	1	0.6618374	1
12805	1	0.51181877	1
12809	1	0.47915697	0
12810	1	0.4826138	0
12814	1	0.35781395	0
12828	1	0.11141402	0
12846	0	0.4763706	0
12853	0	0.098311715	0
12887	0	0.07942104	0
12894	0	0.081171654	0
12916	1	0.57338274	1
12927	0	0.11657116	0
12940	1	0.34414715	0
12946	1	0.16698639	0
12949	1	0.5448138	1
12951	1	0.34122425	0
12968	1	0.89372134	1
12984	1	0.501754	1
13001	0	0.24804448	0
13002	0	0.029897528	0
13012	0	0.37599912	0
13024	1	0.4815002	0
13031	1	0.90586823	1
13035	1	0.09537034	0
13040	1	0.26540866	0
13050	0	0.4522778	0
13051	0	0.16329725	0
13068	1	0.590919	1
13077	1	0.65498614	1
13081	0	0.44392955	0
13097	1	0.35686845	0
13100	1	0.19936743	0
13114	1	0.8358454	1
13118	1	0.35360572	0
13130	1	0.46093237	0
13136	1	0.5382984	1
13137	0	0.0028379478	0
13140	1	0.39712048	0
13149	0	0.53061	1
13154	0	0.6194735	1
13155	0	0.0047267764	0
13156	0	0.28111914	0
13163	0	0.5299409	1
13172	0	0.43331906	0
13204	1	0.5307694	1
13205	1	0.06291741	0
13230	1	0.9408851	1
13236	1	0.5010908	1
13268	1	0.5056129	1
13273	1	0.5586593	1
13311	1	0.39924765	0
13316	1	0.24285702	0
13339	0	0.52567494	1
13347	1	0.4028864	0
13357	0	0.6898127	1
13363	0	0.05517737	0
13365	0	0.36066544	0
13366	0	0.171619	0
13388	0	0.41961023	0
13415	0	0.20264214	0
13426	0	0.25274748	0
13429	1	0.44851854	0
13437	1	0.16748556	0
13442	0	0.6839829	1
13448	1	0.58393294	1
13462	0	0.6198763	1
13468	1	0.58682925	1
13488	0	0.57897735	1
13494	0	0.019720046	0
13504	0	0.23830433	0
13513	0	0.00584114	0
13517	0	0.041754503	0
13524	0	0.4881466	0
13548	1	0.19210637	0
13554	1	0.6101383	1
13555	0	0.64488006	1
13556	1	0.79071504	1
13571	0	0.48037642	0
13589	0	0.41961822	0
13604	1	0.3531302	0
13635	1	0.2569303	0
13636	1	0.5598299	1
13667	1	0.36213556	0
13672	1	0.59345645	1
13706	1	0.46519378	0
13712	0	0.30902204	0
13726	1	0.47350708	0
13728	1	0.9914221	1
13734	1	0.047121372	0
13736	1	0.40415177	0
13739	1	0.4386437	0
13740	1	0.55066067	1
13748	1	0.32746258	0
13754	0	0.6535906	1
13768	0	0.002393437	0
13772	0	0.4101854	0
13784	1	0.45395046	0
13809	0	0.3884837	0
13829	0	0.285315	0
13855	0	0.7194856	1
13859	1	0.33640307	0
13867	0	0.004550505	0
13888	1	0.4108551	0
13890	1	0.52481663	1
13897	1	0.19316287	0
13899	1	0.3656066	0
13905	1	0.41896552	0
13906	1	0.45028704	0
13915	1	0.81035846	1
13943	0	0.5199856	1
13951	0	0.48385698	0
13969	1	0.11262951	0
13988	1	0.5832265	1
14014	1	0.5955754	1
14022	1	0.34879678	0
14023	1	0.3140167	0
14024	1	0.78015304	1
14025	1	0.2238042	0
14031	1	0.622453	1
14056	1	0.36989194	0
14076	0	0.17074214	0
14090	0	0.5645862	1
14108	0	0.16528535	0
14126	0	0.120025896	0
14141	1	0.42665973	0
14144	1	0.49908793	0
14162	1	0.15192887	0
14168	0	0.5015182	1
14199	1	0.5197811	1
14220	0	0.4150526	0
14228	0	0.012562807	0
14248	1	0.33493435	0
14263	0	0.4557047	0
14289	0	0.36874953	0
14300	1	0.6323273	1
14306	0	0.4655971	0
14308	1	0.7079678	1
14309	1	0.44962284	0
14324	1	0.3200729	0
14350	1	0.5649272	1
14356	1	0.37915468	0
14359	1	0.5561778	1
14362	1	0.6913454	1
14366	1	0.4641705	0
14372	1	0.29261455	0
14376	1	0.8254127	1
14379	1	0.91759914	1
14387	0	0.04919707	0
14388	0	0.25159773	0
14393	0	0.6790215	1
14413	0	0.15225151	0
14442	0	0.48316464	0
14459	1	0.3966428	0
14469	1	0.44833165	0
14476	0	0.9636063	1
14499	0	0.5768589	1
14508	0	0.49553618	0
14521	1	0.062030714	0
14531	0	0.23635487	0
14557	0	0.5912273	1
14566	0	0.42945835	0
14588	0	0.535166	1
14589	0	0.36465478	0
14591	0	0.2623914	0
14599	1	0.74007434	1
14612	1	0.53842896	1
14639	1	0.6078136	1
14654	0	0.52210444	1
14658	1	0.43506312	0
14665	1	0.6942067	1
14673	0	0.30843315	0
14679	1	0.0069950856	0
14680	1	0.48145553	0
14694	1	0.26409727	0
14716	0	0.53408146	1
14723	0	0.19445294	0
14741	1	0.532848	1
14745	1	0.5327057	1
14750	1	0.22938812	0
14774	1	0.5335267	1
14775	1	0.370211	0
14777	1	0.24506716	0
14813	0	0.46664092	0
14814	1	0.65521526	1
14816	1	0.3039887	0
14822	1	0.8742756	1
14823	1	0.9339035	1
14840	0	0.2825298	0
14842	0	0.5097729	1
14846	0	0.43835038	0
14848	0	0.5374642	1
14865	0	0.7998436	1
14872	0	0.60447955	1
14884	0	0.80382407	1
14904	0	0.08820978	0
14911	0	0.01457666	0
14913	0	0.35225502	0
14936	0	0.12035013	0
14942	1	0.6588728	1
14951	0	0.41143018	0
14982	0	0.46753877	0
15001	1	0.3521786	0
15002	1	0.42378795	0
15016	0	0.5380586	1
15051	0	0.020424409	0
15055	0	0.716741	1
15061	0	0.43025452	0
15066	0	0.10956236	0
15067	0	0.5143638	1
15077	0	0.5127523	1
15082	0	0.20530146	0
15094	1	0.5401302	1
15106	0	0.42211506	0
15108	0	0.51910293	1
15115	1	0.06430799	0
15124	1	0.5079793	1
15125	1	0.46073988	0
15132	1	0.45089892	0
15133	1	0.5791634	1
15136	1	0.14781496	0
15147	1	0.31113988	0
15173	0	0.2586173	0
15201	1	0.91461515	1
15206	1	0.6501852	1
15209	1	0.7718409	1
15239	1	0.29258022	0
15249	0	0.4348595	0
15252	0	0.15738755	0
15260	1	0.70136803	1
15288	1	0.37024423	0
15290	1	0.6050931	1
15301	1	0.5794651	1
15321	0	0.34855607	0
15341	0	0.2679829	0
15368	1	0.7808217	1
15373	1	0.5709791	1
15388	1	0.1664011	0
15389	1	0.43275952	0
15401	0	0.20800845	0
15411	0	0.0044302624	0
15420	0	0.3328938	0
15434	0	0.36663407	0
15449	0	0.09492893	0
15457	0	0.28567398	0
15482	0	0.51537377	1
15486	0	0.16136149	0
15492	0	0.4981674	0
15495	0	0.2685305	0
15515	1	0.5945723	1
15517	1	0.08692975	0
15520	0	0.05786406	0
15521	0	0.036721203	0
15524	0	0.29114923	0
15530	0	0.45527738	0
15534	0	0.31352174	0
15535	0	0.19171849	0
15537	0	0.0047046444	0
15549	0	0.009142482	0
15552	0	0.6674637	1
15555	0	0.43818197	0
15582	1	0.123672955	0
15589	1	0.44876572	0
15594	1	0.42921734	0
15615	0	0.21344359	0
15634	0	0.028510943	0
15644	0	0.20205918	0
15653	0	0.51947165	1
15654	0	0.09497372	0
15655	0	0.0070552253	0
15664	1	0.586997	1
15679	0	0.032569733	0
15690	1	0.22859046	0
15696	0	0.52879125	1
15723	0	0.33103764	0
15728	0	0.005891613	0
15775	0	0.2629385	0
15779	0	0.48599273	0
15788	0	0.47444603	0
15791	0	0.1367031	0
15804	0	0.1683969	0
15811	0	0.25667953	0
15818	0	0.51587427	1
15823	0	0.22609776	0
15833	0	0.0332087	0
15840	0	0.0867923	0
15846	1	0.6982091	1
15879	0	0.29873404	0
15883	0	0.44525403	0
15885	0	0.2739349	0
15890	0	0.5476023	1
15897	0	0.1117256	0
15906	0	0.59179103	1
15911	0	0.5322389	1
15924	0	0.5833973	1
15929	0	0.2074581	0
15943	0	0.083563514	0
15962	0	0.40600145	0
15965	0	0.5465991	1
15977	0	0.33937836	0
15980	0	0.4068288	0
15985	0	0.13242915	0
15987	1	0.6422559	1
15999	1	0.53744936	1
16020	0	0.43130794	0
16047	1	0.44111675	0
16057	1	0.8456348	1
16068	0	0.2312325	0
16083	0	0.49798292	0
16089	0	0.1683912	0
16090	0	0.36884046	0
16093	1	0.23925605	0
16112	1	0.65490854	1
16135	1	0.55343294	1
16147	0	0.5970363	1
16155	0	0.0123423	0
16163	0	0.25466076	0
16164	0	0.04457437	0
16177	1	0.48211765	0
16183	0	0.13063131	0
16190	1	0.6617688	1
16197	1	0.37587458	0
16203	1	0.607398	1
16204	1	0.31613445	0
16205	1	0.38282868	0
16207	1	0.9745263	1
16211	1	0.1779881	0
16216	1	0.96533227	1
16227	0	0.1945619	0
16237	0	0.024406211	0
16246	0	0.0344613	0
16255	0	0.005565735	0
16256	0	0.8070513	1
16274	0	0.27045023	0
16276	0	0.11843509	0
16281	0	0.37640348	0
16293	1	0.51702744	1
16318	0	0.03852319	0
16335	0	0.5540149	1
16352	1	0.22563083	0
16360	1	0.3252398	0
16365	1	0.33988175	0
16370	1	0.14337796	0
16385	1	0.56494004	1
16406	0	0.3545285	0
16410	0	0.55082136	1
16412	0	0.5219738	1
16415	0	0.5463984	1
16419	0	0.3364879	0
16422	0	0.085061535	0
16431	1	0.58044255	1
16437	1	0.5301199	1
16449	1	0.50120914	1
16452	0	0.66875505	1
16465	1	0.36844853	0
16483	0	0.49113378	0
16498	0	0.020483684	0
16501	0	0.019739846	0
16507	0	0.3493424	0
16521	0	0.7617325	1
16524	0	0.28056875	0
16536	0	0.10804983	0
16542	0	0.44271168	0
16566	0	0.39629006	0
16585	0	0.46783745	0
16602	0	0.8162796	1
16614	1	0.6307436	1
16628	0	0.14786623	0
16651	0	0.43129694	0
16664	1	0.48846552	0
16666	1	0.40980634	0
16693	1	0.38485718	0
16700	1	0.6222858	1
16708	1	0.11444193	0
16717	1	0.3656689	0
16723	0	0.69944423	1
16724	0	0.2774996	0
16727	0	0.73482734	1
16728	0	0.4459558	0
16735	0	0.39009726	0
16752	0	0.28495526	0
16755	1	0.5975038	1
16767	1	0.49894437	0
16771	1	0.40516883	0
16780	0	0.35508996	0
16783	0	0.32465526	0
16787	0	0.17417127	0
16792	0	0.21053344	0
16794	0	0.09772909	0
16795	0	0.59747356	1
16808	0	0.3824572	0
16812	0	0.3511661	0
16829	0	0.2709581	0
16842	0	0.26328522	0
16862	0	0.030105278	0
16870	0	0.14423935	0
16879	0	0.29174718	0
16888	0	0.3822004	0
16890	0	0.33469322	0
16924	1	0.9947632	1
16930	1	0.6526678	1
16933	1	0.32174936	0
16984	0	0.6022858	1
16986	0	0.37980697	0
16999	0	0.41135815	0
17004	0	0.14840454	0
17009	0	0.55201405	1
17012	0	0.39650732	0
17021	0	0.04435908	0
17030	0	0.30965132	0
17043	0	0.5791	1
17048	0	0.15327993	0
17072	0	0.36430964	0
17082	0	0.46698946	0
17085	0	0.045529038	0
17092	0	0.29150286	0
17101	1	0.5144681	1
17113	1	0.49531862	0
17118	0	0.004404284	0
17120	0	0.25845182	0
17124	0	0.27197012	0
17128	0	0.2636358	0
17133	0	0.4273737	0
17141	0	0.6782281	1
17152	0	0.1332814	0
17172	1	0.08458535	0
17199	1	0.6264722	1
17203	0	0.072269805	0
17206	0	0.37982112	0
17240	0	0.18755277	0
17242	0	0.37510628	0
17246	0	0.36629146	0
17258	0	0.057959095	0
17266	0	0.06459067	0
17267	0	0.55380476	1
17274	0	0.08612993	0
17280	1	0.555441	1
17288	0	0.2536822	0
17301	0	0.4838509	0
17307	0	0.19625935	0
17308	0	0.5569119	1
17314	0	0.56923854	1
17325	0	0.51139426	1
17328	1	0.47168574	0
17329	1	0.8272478	1
17337	1	0.39069095	0
17341	1	0.513325	1
17350	1	0.5410992	1
17353	1	0.821243	1
17357	0	0.0100140385	0
17362	1	0.0972621	0
17370	1	0.52513874	1
17381	1	0.5239438	1
17411	1	0.44958466	0
17412	1	0.7192925	1
17413	1	0.82639027	1
17428	1	0.33497196	0
17439	0	0.22417697	0
17449	1	0.96634954	1
17452	0	0.27196196	0
17480	1	0.55677456	1
17482	1	0.26050794	0
17513	1	0.7189382	1
17518	1	0.37471694	0
17534	0	0.6057601	1
17548	1	0.45622757	0
17553	1	0.5604315	1
17554	1	0.16507646	0
17576	0	0.3644897	0
17581	0	0.01596244	0
17587	0	0.12708893	0
17596	0	0.11280746	0
17597	0	0.5063926	1
17611	1	0.2700679	0
17615	0	0.6805417	1
17627	0	0.52776796	1
17641	0	0.08659542	0
17653	0	0.43760067	0
17664	0	0.014508556	0
17670	0	0.63693506	1
17678	0	0.53928256	1
17682	0	0.5408964	1
17699	0	0.34248173	0
17700	0	0.32126218	0
17710	0	0.053811565	0
17723	0	0.6487384	1
17735	0	0.4512047	0
17737	1	0.44226217	0
17742	1	0.5270345	1
17752	1	0.43453187	0
17765	1	0.53702784	1
17766	1	0.43201864	0
17786	0	0.33788896	0
17787	0	0.26526377	0
17792	0	0.38993213	0
17803	0	0.3926306	0
17805	1	0.019764949	0
17807	0	0.4443202	0
17808	0	0.32721674	0
17833	1	0.5607595	1
17877	1	0.5847953	1
17883	1	0.33351263	0
17885	1	0.3377374	0
17893	1	0.38670254	0
17904	1	0.5660441	1
17908	1	0.49942714	0
17909	1	0.9550079	1
17913	0	0.72172064	1
17929	1	0.39918303	0
17932	1	0.1609826	0
17953	0	0.29506108	0
17954	0	0.007449476	0
17972	0	0.038255226	0
17981	0	0.5356375	1
18015	0	0.22424822	0
18020	0	0.25660354	0
18038	0	0.5702441	1
18044	0	0.09052734	0
18067	0	0.5271985	1
18077	1	0.55712473	1
18095	0	0.6866676	1
18138	0	0.31304288	0
18142	0	0.040358353	0
18150	0	0.43009707	0
18159	0	0.0028641324	0
18161	0	0.26784635	0
18171	0	0.68594027	1
18175	1	0.4756358	0
18187	1	0.569422	1
18194	1	0.7257128	1
18195	1	0.2620436	0
18200	0	0.6058776	1
18202	1	0.5587842	1
18203	1	0.55355287	1
18211	1	0.8636819	1
18220	0	0.19639418	0
18231	0	0.45124424	0
18254	0	0.32299078	0
18267	0	0.5070328	1
18268	0	0.32249582	0
18272	0	0.34182099	0
18279	0	0.04784101	0
18282	0	0.28154212	0
18285	1	0.5444356	1
18304	0	0.48036322	0
18311	1	0.3724956	0
18323	0	0.7737615	1
18324	0	0.10831004	0
18326	1	0.56743497	1
18329	1	0.65767795	1
18344	0	0.17674766	0
18345	0	0.1960724	0
18351	0	0.30892465	0
18371	0	0.5291834	1
18384	1	0.24037817	0
18409	1	0.074927665	0
18412	1	0.4098925	0
18426	1	0.40028334	0
18437	1	0.18262665	0
18438	1	0.5361545	1
18439	1	0.5346456	1
18447	1	0.63445044	1
18457	1	0.5227328	1
18462	0	0.4565675	0
18474	1	0.68340683	1
18477	1	0.4764652	0
18493	1	0.25406814	0
18512	1	0.31791127	0
18513	1	0.8179555	1
18518	0	0.6764751	1
18523	0	0.23375417	0
18529	0	0.4110061	0
18545	0	0.4500896	0
18556	1	0.0969454	0
18559	1	0.5029559	1
18562	1	0.70402837	1
18578	1	0.52707744	1
18583	0	0.4047321	0
18596	0	0.044654366	0
18597	0	0.38213035	0
18598	0	0.62071294	1
18614	0	0.35931054	0
18619	0	0.02397189	0
18620	0	0.76425093	1
18624	1	0.7309729	1
18629	1	0.5418571	1
18640	1	0.37374055	0
18646	0	0.4664538	0
18648	0	0.32219028	0
18649	0	0.44041142	0
18673	0	0.17665458	0
18675	0	0.6828044	1
18696	1	0.698685	1
18700	1	0.4300111	0
18719	1	0.48925084	0
18724	0	0.33072585	0
18727	0	0.64478	1
18741	0	0.46930054	0
18744	0	0.00211221	0
18759	1	0.41832438	0
18773	1	0.20711982	0
18781	0	0.17840981	0
18799	0	0.9445533	1
18812	1	0.14750963	0
18819	1	0.22769392	0
18820	1	0.39302796	0
18830	1	0.6169171	1
18833	1	0.6047082	1
18838	1	0.11610527	0
18853	0	0.0053821625	0
18892	0	0.07507618	0
18893	0	0.5625403	1
18915	0	0.55381906	1
18931	0	0.25799006	0
18942	1	0.46622592	0
18963	1	0.5816762	1
18969	1	0.1768987	0
18988	0	0.7219828	1
19003	0	0.5565492	1
19005	1	0.61694294	1
19011	0	0.05872018	0
19023	1	0.26427948	0
19027	1	0.64753205	1
19041	1	0.43815663	0
19075	1	0.22763321	0
19082	1	0.611415	1
19090	0	0.097898625	0
19102	0	0.41649055	0
19108	0	0.88596547	1
19115	0	0.13961071	0
19116	0	0.41864794	0
19119	0	0.43987343	0
19126	0	0.39301205	0
19128	0	0.21862778	0
19129	0	0.069106676	0
19133	0	0.5616263	1
19160	0	0.59377813	1
19184	0	0.5174311	1
19198	0	0.29297644	0
19204	0	0.61535746	1
19216	1	0.31967327	0
19223	1	0.3449338	0
19237	1	0.31804803	0
19238	1	0.43652216	0
19243	1	0.20266497	0
19245	1	0.44852197	0
19253	0	0.9951302	1
19256	0	0.30858195	0
19274	0	0.038307134	0
19290	0	0.41364792	0
19291	0	0.42806807	0
19301	0	0.39435664	0
19307	0	0.6026364	1
19322	0	0.0746992	0
19353	1	0.5065286	1
19373	0	0.5355901	1
19380	0	0.35640147	0
19389	0	0.28311995	0
19403	1	0.96844506	1
19408	1	0.7526304	1
19411	0	0.73746264	1
19431	1	0.46628577	0
19434	1	0.2811962	0
19441	1	0.58365124	1
19469	0	0.52539253	1
19473	0	0.010419346	0
19490	0	0.05568699	0
19492	0	0.041217156	0
19494	0	0.3809017	0
19538	0	0.60015434	1
19554	1	0.845428	1
19557	1	0.108924516	0
19567	0	0.314871	0
19574	0	0.40465578	0
19576	0	0.48318124	0
19593	1	0.23007065	0
19595	1	0.605291	1
19612	1	0.51016164	1
19633	1	0.5440879	1
19643	1	0.7495586	1
19650	1	0.8845281	1
19654	0	0.42049643	0
19665	1	0.47131673	0
19667	1	0.32965994	0
19684	1	0.5434725	1
19685	1	0.6617691	1
19709	1	0.46962452	0
19716	1	0.9457228	1
19721	0	0.49155188	0
19724	0	0.5273942	1
19728	1	0.4620681	0
19759	0	0.1758175	0
19782	1	0.53045875	1
19808	1	0.97296834	1
19809	1	0.45980057	0
19827	1	0.60210943	1
19834	1	0.95186776	1
19886	0	0.41914856	0
19889	1	0.5404595	1
19892	1	0.45617542	0
19908	1	0.42873853	0
19912	1	0.704207	1
19916	1	0.6445459	1
19927	0	0.03547983	0
19962	0	0.9279401	1
19965	1	0.47958514	0
19966	1	0.4714399	0
19976	1	0.25997293	0
19987	1	0.48320696	0
19998	0	0.57184535	1
19999	1	0.32431105	0
20000	1	0.40864804	0
20005	0	0.35435885	0
20019	0	0.24481982	0
20022	0	0.54091126	1
20026	1	0.37083393	0
20032	1	0.5005364	1
20035	1	0.6784205	1
20054	0	0.0663615	0
20070	0	0.07036086	0
20086	0	0.21878666	0
20095	0	0.7403163	1
20102	0	0.20221436	0
20105	0	0.42440677	0
20109	1	0.40080994	0
20110	1	0.23478594	0
20129	1	0.4867911	0
20131	1	0.43644726	0
20148	0	0.26446423	0
20151	0	0.227358	0
20158	0	0.001147453	0
20189	0	0.46454912	0
20197	0	0.2403497	0
20199	0	0.4995955	0
20200	0	0.2006804	0
20213	0	0.3226112	0
20233	0	0.6442782	1
20237	0	0.44180983	0
20238	0	0.32234165	0
20248	0	0.55355054	1
20257	0	0.005152239	0
20282	0	0.059514582	0
20283	0	0.21924779	0
20299	0	0.32241032	0
20301	0	0.27750453	0
20305	1	0.49251795	0
20320	0	0.3869864	0
20327	1	0.3905468	0
20328	1	0.10076919	0
20338	0	0.12734742	0
20345	1	0.44081607	0
20352	0	0.49605972	0
20365	0	0.49305755	0
20368	0	0.07033554	0
20370	0	0.11146088	0
20398	0	0.32484856	0
20410	0	0.54325956	1
20422	1	0.84705186	1
20425	1	0.47485748	0
20433	0	0.015878687	0
20434	0	0.013872379	0
20457	1	0.5946573	1
20467	1	0.7078359	1
20471	1	0.5284908	1
20480	1	0.32248902	0
20485	0	0.39296606	0
20495	0	0.06454913	0
20507	0	0.43215138	0
20518	0	0.3584705	0
20520	0	0.16965404	0
20531	0	0.15674491	0
20534	0	0.4956099	0
20541	0	0.39562052	0
20548	0	0.002661381	0
20549	0	0.5090067	1
20553	0	0.81097996	1
20562	0	0.25205222	0
20576	1	0.3706686	0
20581	0	0.43334955	0
20600	1	0.5356419	1
20606	1	0.51481766	1
20613	1	0.316294	0
20617	0	0.04383762	0
20618	0	0.6632457	1
20620	0	0.5449422	1
20623	1	0.76228523	1
20631	1	0.6188231	1
20643	1	0.8806766	1
20644	1	0.6583512	1
20647	1	0.6929855	1
20659	1	0.5148461	1
20662	0	0.6083362	1
20697	1	0.38699296	0
20698	1	0.43110594	0
20716	1	0.5570154	1
20722	1	0.64931387	1
20728	0	0.43353754	0
20738	0	0.45799625	0
20741	0	0.5172777	1
20743	0	0.012824564	0
20751	0	0.46083656	0
20761	1	0.2319824	0
20766	1	0.9727791	1
20797	0	0.2264761	0
20802	0	0.21775667	0
20803	0	0.47398043	0
20811	0	0.263973	0
20812	0	0.004542481	0
20831	0	0.25592563	0
20835	1	0.8900463	1
20840	1	0.073885664	0
20856	0	0.78432816	1
20902	0	0.10380406	0
20903	0	0.78919065	1
20908	0	0.3515234	0
20917	1	0.57138616	1
20918	1	0.14026278	0
20938	0	0.021672701	0
20945	0	0.52714366	1
20958	0	0.50573444	1
20961	0	0.17789541	0
20970	0	0.46626878	0
20975	0	0.1326908	0
20994	0	0.7484731	1
20996	0	0.06980237	0
21007	1	0.62428725	1
21012	1	0.4633868	0
21030	1	0.5086331	1
21034	1	0.54616684	1
21037	1	0.3394122	0
21050	1	0.20556839	0
21061	1	0.70856446	1
21070	0	0.39906105	0
21092	0	0.21564099	0
21100	0	0.44696897	0
21102	0	0.059835203	0
21106	0	0.30175787	0
21110	0	0.008151039	0
21118	1	0.98620945	1
21135	1	0.33132297	0
21155	1	0.5076073	1
21166	0	0.5874061	1
21168	0	0.0077922917	0
21202	0	0.31399053	0
21218	0	0.839138	1
21219	0	0.37457332	0
21250	1	0.40725526	0
21256	0	0.5121182	1
21261	0	0.10040066	0
21267	0	0.37724537	0
21281	0	0.35676923	0
21284	1	0.41164488	0
21296	1	0.58265376	1
21302	1	0.86296725	1
21306	0	0.08094895	0
21311	0	0.3894599	0
21324	0	0.8223283	1
21335	1	0.6353619	1
21348	0	0.09077682	0
21374	1	0.5469878	1
21383	1	0.15476593	0
21385	1	0.5053025	1
21386	1	0.42147964	0
21387	1	0.4900068	0
21392	1	0.60316813	1
21411	0	0.22792603	0
21413	0	0.26584733	0
21427	0	0.50815547	1
21430	0	0.19916216	0
21435	0	0.14861621	0
21450	0	0.31479582	0
21459	0	0.4167864	0
21466	1	0.7456818	1
21473	0	0.5198261	1
21487	0	0.10508634	0
21492	0	0.663563	1
21508	1	0.40397435	0
21511	1	0.4697	0
21513	0	0.02887157	0
21538	0	0.6330169	1
21549	0	0.42110276	0
21567	1	0.40699476	0
21569	1	0.99964094	1
21576	0	0.5231296	1
21583	1	0.827651	1
21584	0	0.45533785	0
21585	0	0.41236717	0
21612	0	0.24695826	0
21622	0	0.1680211	0
21641	0	0.7174048	1
21665	0	0.35986328	0
21670	1	0.6977659	1
21694	1	0.08865243	0
21708	1	0.4594236	0
21723	0	0.14566661	0
21731	0	0.28064182	0
21739	0	0.111780204	0
21740	0	0.11278603	0
21750	1	0.36827105	0
21762	1	0.6285076	1
21766	0	0.51446635	1
21767	0	0.17246518	0
21776	1	0.531474	1
21779	0	0.39244425	0
21794	1	0.05090267	0
21796	1	0.3742413	0
21820	1	0.91635585	1
21822	1	0.6928205	1
21828	0	0.544435	1
21836	1	0.4023868	0
21841	0	0.63567185	1
21851	0	0.3493858	0
21863	0	0.38262272	0
21889	1	0.44090104	0
21899	1	0.48686397	0
21919	1	0.68996847	1
21925	1	0.4531367	0
21938	0	0.7057636	1
21957	1	0.996976	1
21958	1	0.39735562	0
21962	1	0.28219298	0
21967	1	0.7918589	1
21969	1	0.40181354	0
21971	1	0.7297267	1
21995	1	0.73278373	1
22003	1	0.47078985	0
22006	1	0.0100237485	0
22009	1	0.58118963	1
22013	1	0.50602067	1
22016	1	0.5459506	1
22034	1	0.69981456	1
22037	1	0.5877023	1
22047	1	0.5259823	1
22058	1	0.2798691	0
22065	1	0.78577626	1
22082	0	0.40553114	0
22086	0	0.6768343	1
22089	0	0.66730136	1
22093	0	0.35476184	0
22094	0	0.4908796	0
22132	1	0.616635	1
22137	0	0.5343262	1
22140	0	0.30962262	0
22151	0	0.21363911	0
22155	0	0.6231485	1
22167	1	0.28496924	0
22201	0	0.4734217	0
22250	1	0.98493123	1
22265	1	0.7869996	1
22270	0	0.02859999	0
22276	0	0.79220873	1
22279	0	0.82005215	1
22280	0	0.11261335	0
22300	1	0.8788228	1
22316	1	0.5655732	1
22330	0	0.40193158	0
22361	1	0.79176515	1
22364	1	0.37270987	0
22365	1	0.3886588	0
22369	1	0.9989343	1
22379	0	0.537217	1
22381	1	0.43688238	0
22387	1	0.376751	0
22389	1	0.09059395	0
22392	0	0.25430533	0
22399	0	0.3930539	0
22413	0	0.5797372	1
22417	0	0.50528294	1
22418	0	0.0760708	0
22421	0	0.47837457	0
22425	0	0.58461165	1
22426	1	0.49297902	0
22429	1	0.5404323	1
22431	1	0.6193195	1
22436	0	0.5666404	1
22459	0	0.42240486	0
22462	0	0.005106648	0
22465	0	0.003257205	0
22503	1	0.52103966	1
22531	1	0.9929263	1
22534	1	0.60709035	1
22545	0	0.1682181	0
22552	0	0.119161725	0
22559	0	0.26709217	0
22597	1	0.31242827	0
22601	0	0.080483995	0
22615	1	0.38698542	0
22637	0	0.4303124	0
22652	1	0.40649042	0
22655	1	0.51233774	1
22662	0	0.29029343	0
22683	1	0.9988894	1
22693	1	0.43187878	0
22702	1	0.43776807	0
22705	1	0.630037	1
22709	1	0.47069058	0
22718	1	0.58409643	1
22741	1	0.67458224	1
22752	0	0.2351231	0
22759	0	0.593555	1
22801	1	0.45441666	0
22815	1	0.37098587	0
22826	0	0.19029385	0
22833	1	0.79845995	1
22834	1	0.7876313	1
22844	1	0.5569831	1
22875	1	0.92717874	1
22876	1	0.081729025	0
22906	1	0.76881105	1
22931	1	0.6554407	1
22944	1	0.48820877	0
22949	0	0.28525874	0
22955	1	0.857067	1
22956	1	0.37573135	0
22959	1	0.5504237	1
22966	1	0.42974025	0
22969	1	0.5532728	1
22970	1	0.32882836	0
22976	1	0.63734263	1
22980	1	0.5326045	1
22994	0	0.13437356	0
23016	0	0.4314618	0
23049	0	0.35566542	0
23050	0	0.5398286	1
23052	0	0.51174146	1
23066	0	0.008001284	0
23074	0	0.5505334	1
23076	0	0.13539128	0
23088	0	0.4924449	0
23104	0	0.09070683	0
23105	0	0.4342209	0
23108	0	0.00075381174	0
23116	0	0.47072238	0
23123	0	0.6148332	1
23136	0	0.04292651	0
23140	0	0.46288258	0
23145	0	0.26476038	0
23155	0	0.11893069	0
23159	0	0.9634353	1
23161	0	0.46841154	0
23163	0	0.22974466	0
23174	0	0.31884634	0
23184	0	0.8069192	1
23186	1	0.062378746	0
23193	1	0.4610114	0
23206	1	0.63334006	1
23213	1	0.6313883	1
23237	0	0.30883965	0
23244	0	0.39112812	0
23245	0	0.29107442	0
23247	0	0.055788025	0
23250	0	0.6621865	1
23256	1	0.602041	1
23259	0	0.12624712	0
23274	1	0.17832398	0
23277	1	0.8428289	1
23299	1	0.38900426	0
23307	1	0.25270197	0
23309	1	0.49555388	0
23323	1	0.74323237	1
23339	1	0.9381139	1
23344	0	0.5164789	1
23354	1	0.30576786	0
23361	0	0.46066114	0
23371	0	0.40402332	0
23374	0	0.38005522	0
23386	1	0.27844957	0
23393	0	0.09153037	0
23405	0	0.13558227	0
23411	0	0.46082208	0
23425	0	0.6254215	1
23429	1	0.53385156	1
23455	0	0.15338142	0
23465	0	0.06553698	0
23470	0	0.5391682	1
23491	0	0.35532355	0
23495	0	0.016486429	0
23504	0	0.67443925	1
23508	0	0.36662844	0
23516	0	0.0034032983	0
23540	0	0.0018237542	0
23555	0	0.07110218	0
23560	0	0.20038262	0
23576	0	0.61146	1
23587	0	0.46161976	0
23622	0	0.11017761	0
23626	1	0.27879125	0
23627	1	0.4236278	0
23636	1	0.63814545	1
23643	1	0.6945665	1
23656	1	0.83808213	1
23668	0	0.25152746	0
23680	0	0.4138267	0
23688	0	0.0398948	0
23692	0	0.64585704	1
23696	0	0.16489305	0
23704	0	0.0063124057	0
23714	0	0.5240962	1
23744	0	0.546533	1
23747	0	0.07412568	0
23751	0	0.74005497	1
23758	0	0.55747616	1
23762	1	0.6385455	1
23769	1	0.67652065	1
23771	1	0.34401467	0
23779	1	0.2593808	0
23786	1	0.66790384	1
23809	1	0.53466564	1
23816	0	0.0781663	0
23854	0	0.23731582	0
23855	0	0.5566482	1
23870	0	0.27168682	0
23872	0	0.37700313	0
23877	0	0.5810629	1
23888	1	0.53156275	1
23895	1	0.8593988	1
23899	1	0.33515534	0
23912	1	0.477615	0
23916	1	0.15796612	0
23918	1	0.55985045	1
23922	0	0.39994538	0
23924	0	0.58535343	1
23933	0	0.3551193	0
23938	0	0.4215036	0
23942	1	0.3236911	0
23947	1	0.14346324	0
23956	1	0.4320781	0
23965	1	0.687893	1
24009	1	0.8463447	1
24018	1	0.6057053	1
24044	0	0.8635586	1
24047	0	0.007075678	0
24050	0	0.022480674	0
24072	0	0.41668528	0
24075	1	0.37163693	0
24084	0	0.18846181	0
24085	0	0.17659166	0
24087	0	0.38946554	0
24090	0	0.44200304	0
24100	0	0.066077136	0
24103	0	0.53632504	1
24123	1	0.16312431	0
24141	1	0.75082374	1
24148	0	0.5711324	1
24162	0	0.39580026	0
24164	0	0.84703195	1
24179	0	0.5335217	1
24200	0	0.5080478	1
24201	0	0.19219984	0
24205	0	0.23615406	0
24206	0	0.28172204	0
24212	0	0.02141695	0
24213	0	0.50856537	1
24222	1	0.3484763	0
24230	1	0.23310456	0
24231	1	0.9571025	1
24244	1	0.4007683	0
24269	0	0.78320223	1
24280	1	0.416312	0
24283	1	0.5950414	1
24289	0	0.62828714	1
24291	0	0.3610739	0
24292	1	0.29347047	0
24294	1	0.3623483	0
24311	0	0.28372627	0
24312	0	0.18946818	0
24315	0	0.5810095	1
24328	1	0.6108717	1
24331	1	0.28846273	0
24351	1	0.58884853	1
24356	0	0.7367096	1
24364	1	0.59813184	1
24368	0	0.006815451	0
24371	0	0.14073673	0
24375	0	0.16267172	0
24400	1	0.4530348	0
24424	1	0.61486876	1
24426	0	0.46394593	0
24433	0	0.44907558	0
24472	1	0.521947	1
24478	0	0.65612364	1
24483	1	0.6667152	1
24484	1	0.45142478	0
24485	1	0.16795641	0
24486	1	0.45945117	0
24488	0	0.15030448	0
24501	0	0.32048056	0
24508	0	0.43659177	0
24540	1	0.34705955	0
24542	1	0.38837054	0
24555	0	0.7395452	1
24559	1	0.42202067	0
24578	1	0.35934094	0
24588	0	0.4249542	0
24603	0	0.46551257	0
24606	0	0.1816086	0
24621	1	0.98384684	1
24625	1	0.5317671	1
24626	1	0.08233567	0
24629	0	0.34374988	0
24631	1	0.26311278	0
24648	1	0.30730808	0
24655	1	0.2829687	0
24668	1	0.253349	0
24677	0	0.3231163	0
24720	0	0.47682908	0
24730	1	0.6553668	1
24732	1	0.45762748	0
24742	0	0.0011722053	0
24744	0	0.7450663	1
24748	0	0.0062955376	0
24754	0	0.23978679	0
24756	0	0.7108417	1
24759	0	0.6183465	1
24761	0	0.38497615	0
24768	0	0.66272306	1
24771	1	0.28657243	0
24787	0	0.5967483	1
24794	1	0.4563926	0
24818	1	0.45030078	0
24824	1	0.13154303	0
24829	0	0.17860827	0
24847	0	0.041497163	0
24853	0	0.42402685	0
24855	0	0.33371958	0
24880	0	0.32501236	0
24881	0	0.6337347	1
24895	1	0.6664116	1
24896	1	0.66165984	1
24897	1	0.3572805	0
24899	1	0.08928872	0
24902	1	0.6493172	1
24921	1	0.39874744	0
24933	0	0.39072478	0
24968	1	0.22759095	0
25005	0	0.2984703	0
25024	0	0.25152454	0
25066	1	0.38122842	0
25075	1	0.8952071	1
25081	1	0.6120784	1
25091	0	0.50122845	1
25095	0	0.41086164	0
25103	0	0.8190376	1
25113	0	0.26612973	0
25119	0	0.61114436	1
25130	1	0.35415956	0
25134	1	0.0695596	0
25135	1	0.42295468	0
25149	1	0.5255029	1
25163	0	0.07545172	0
25167	0	0.16024305	0
25179	1	0.39148223	0
25181	1	0.9714428	1
25182	1	0.76177907	1
25185	1	0.50519913	1
25189	1	0.1459259	0
25223	0	0.6628538	1
25245	1	0.35966378	0
25247	1	0.40945566	0
25252	1	0.74925643	1
25260	1	0.2263222	0
25263	1	0.43944332	0
25265	0	0.6966729	1
25284	0	0.64286363	1
25310	0	0.29487023	0
25344	0	0.66554	1
25353	0	0.1628159	0
25357	0	0.76467496	1
25370	0	0.007307149	0
25382	1	0.50123024	1
25401	1	0.26128605	0
25404	1	0.6662167	1
25413	1	0.46678093	0
25448	0	0.48738775	0
25459	1	0.84834224	1
25472	1	0.58559006	1
25492	1	0.56378394	1
25501	1	0.5531759	1
25505	1	0.39946133	0
25510	0	0.40603948	0
25515	0	0.045507908	0
25526	0	0.5982734	1
25530	1	0.287349	0
25549	0	0.41086188	0
25550	0	0.44869164	0
25557	1	0.14850052	0
25566	1	0.6492493	1
25571	0	0.16908494	0
25574	0	0.15652809	0
25578	0	0.56986195	1
25580	0	0.15594529	0
25583	0	0.4238534	0
25593	0	0.4247663	0
25602	1	0.30094072	0
25619	0	0.16251905	0
25636	0	0.588218	1
25669	1	0.1876521	0
25670	1	0.5928094	1
25672	1	0.5546175	1
25693	0	0.0068753464	0
25704	0	0.12217617	0
25711	0	0.00022664151	0
25729	1	0.77291447	1
25734	1	0.40878275	0
25737	1	0.12095103	0
25738	1	0.49275744	0
25741	1	0.405503	0
25748	1	0.57300365	1
25753	0	0.19754413	0
25787	1	0.4050533	0
25810	0	0.16687591	0
25813	0	0.30052993	0
25814	0	0.54013455	1
25828	1	0.45406798	0
25831	1	0.23360094	0
25854	1	0.7721685	1
25859	1	0.52301544	1
25862	1	0.6616823	1
25865	1	0.73489416	1
25868	1	0.73899794	1
25869	1	0.98125744	1
25872	1	0.6229676	1
25925	0	0.42110914	0
25932	0	0.5107435	1
25936	0	0.2454414	0
25937	0	0.7170458	1
25947	1	0.4209863	0
25948	0	0.5116384	1
25958	0	0.39575058	0
25997	0	0.16298419	0
26003	0	0.000941721	0
26008	0	0.011974648	0
26030	1	0.32491946	0
26031	1	0.63152975	1
26038	1	0.4628127	0
26059	0	0.2682699	0
26061	0	0.54577565	1
26069	0	0.40479174	0
26075	0	0.5091581	1
26087	1	0.37745973	0
26090	1	0.4992261	0
26100	1	0.51959306	1
26110	1	0.57963973	1
26113	0	0.20170198	0
26117	0	0.14091864	0
26136	1	0.25271693	0
26152	0	0.27447978	0
26154	0	0.47848198	0
26158	0	0.5191536	1
26160	0	0.27590904	0
26173	1	0.2706858	0
26175	1	0.55793697	1
26183	1	0.39638478	0
26191	0	0.6929387	1
26225	0	0.20039998	0
26226	0	0.66896623	1
26234	1	0.46455252	0
26242	0	0.25356966	0
26243	0	0.3267903	0
26245	0	0.58767456	1
26251	0	0.5071478	1
26257	0	0.3904957	0
26259	0	0.12923193	0
26291	1	0.7780155	1
26294	1	0.5607504	1
26306	1	0.5888095	1
26315	1	0.45421746	0
26320	1	0.5695371	1
26330	1	0.6310139	1
26333	1	0.48303482	0
26360	0	0.38902974	0
26367	1	0.52921635	1
26388	1	0.3495434	0
26390	0	0.42767993	0
26396	0	0.0077330503	0
26428	1	0.44620502	0
26435	1	0.8306724	1
26437	1	0.40046057	0
26443	1	0.3820245	0
26451	0	0.009783321	0
26458	0	0.33643883	0
26468	0	0.7521702	1
26472	1	0.8169342	1
26480	0	0.004690425	0
26481	0	0.66027665	1
26485	0	0.82049173	1
26489	0	0.20172635	0
26496	0	0.45117897	0
26512	1	0.45418087	0
26530	1	0.5359906	1
26531	1	0.8684334	1
26535	0	0.7449014	1
26538	0	0.24994959	0
26540	0	0.37183577	0
26543	0	0.33541337	0
26552	0	0.5264379	1
26559	1	0.794507	1
26568	0	0.59339476	1
26587	1	0.22723015	0
26595	0	0.22732186	0
26599	0	0.19259237	0
26620	1	0.29152238	0
26642	1	0.54863966	1
26653	0	0.6959146	1
26663	0	0.07964812	0
26671	0	0.020823237	0
26673	0	0.44684544	0
26680	0	0.5158425	1
26701	0	0.49776968	0
26711	0	0.43667522	0
26725	1	0.5972289	1
26726	1	0.46076772	0
26730	0	0.30012444	0
26734	1	0.07844755	0
26738	1	0.6610327	1
26745	1	0.49574533	0
26749	1	0.51909626	1
26774	0	0.67555326	1
26776	0	0.40029716	0
26777	0	0.27254632	0
26780	0	0.6732981	1
26792	0	0.24885915	0
26819	0	0.8168076	1
26836	1	0.3049673	0
26841	1	0.3443425	0
26848	1	0.41820914	0
26862	1	0.44790143	0
26873	0	0.4138851	0
26880	0	0.51009786	1
26884	0	0.40654203	0
26886	0	0.90485066	1
26904	0	0.34299988	0
26935	1	0.49593562	0
26941	0	0.06711622	0
26945	0	0.30960283	0
26946	0	0.40791473	0
26947	0	0.27799875	0
26971	0	0.49271622	0
26987	1	0.8814819	1
26988	0	0.32206836	0
26993	1	0.100684896	0
27000	0	0.18515705	0
27007	0	0.2604645	0
27021	1	0.31087005	0
27045	0	0.12468392	0
27046	0	0.4012783	0
27048	0	0.021267146	0
27056	0	0.62454134	1
27058	0	0.4546732	0
27081	1	0.79593384	1
27083	0	0.28207082	0
27088	0	0.6347278	1
27100	0	0.3383906	0
27107	1	0.3706965	0
27129	1	0.73403054	1
27148	1	0.9055905	1
27151	1	0.29517314	0
27169	1	0.3093615	0
27171	1	0.58082736	1
27201	0	0.4591685	0
27203	0	0.52014846	1
27237	1	0.43174323	0
27254	0	0.37341624	0
27256	0	0.13152526	0
27257	0	0.03757737	0
27261	0	0.5552884	1
27266	0	0.3018309	0
27272	0	0.4103741	0
27296	0	0.88182163	1
27311	0	0.24459088	0
27317	0	0.64234763	1
